id,price_usd
3632,469500.0
3633,281896.5
2263404,236900.0
2263405,98000.0
2263406,155000.0
2263407,98000.0
2263408,98000.0
2263409,98000.0
2263410,135500.0
2263411,129000.0
2263412,129000.0
2263413,129000.0
2263415,288000.0
2263416,735000.0
2263417,102779.0
2263418,102779.0
2263419,102779.0
2263420,102779.0
2263421,102779.0
2263422,102779.0
2263423,102779.0
2263424,102779.0
2263425,145000.0
2263426,94217.5
2263427,94217.5
2263428,94217.5
2263429,94217.5
2263430,102779.0
2263431,102779.0
2263432,102779.0
2263433,102779.0
2263434,102779.0
2263436,102779.0
2263437,102779.0
2263438,102779.0
2263439,102779.0
2263440,102779.0
2263441,102779.0
2263442,102779.0
2263443,102779.0
2263444,102779.0
2263445,149500.0
2263453,119500.0
2263460,288000.0
2263461,288000.0
2263464,118996.39
2263467,124950.0
2263471,177500.0
2263472,177500.0
2263476,165000.0
2263477,432500.0
2263480,207000.0
2263482,250000.0
2263633,250000.0
2263638,102500.0
2263652,206500.0
2264067,174500.0
2264075,118125.0
2264078,129500.0
2264079,165000.0
2264080,355000.0
2264151,87500.0
2264153,160000.0
2264155,197500.0
2264158,125500.0
2264162,144500.0
2264164,73500.0
2264168,174500.0
2264173,73500.0
2264178,185500.0
2264183,160600.0
2264189,242500.0
2264198,120000.0
2264199,98500.0
2264206,160600.0
2264212,160600.0
2264215,160600.0
2264218,160600.0
2264219,379000.0
2264221,160600.0
2264227,200000.0
2264229,379000.0
2264234,250000.0
2264240,99000.0
2264242,90000.0
2264248,92000.0
2264249,312500.0
2264259,112500.0
2264265,322500.0
2264270,380500.0
2264272,92000.0
2264274,310000.0
2264284,127500.0
2264285,100748.55
2264286,100748.55
2264290,305000.0
2264296,297500.0
2264298,285000.0
2264305,77850.0
2264312,195000.0
2264318,121500.0
2264320,89000.0
2264323,409500.0
2264376,409500.0
2264474,520000.0
2264479,136000.0
2264482,142000.0
2264491,192500.0
2264514,89000.0
2264518,160000.0
2264525,140000.0
2264537,252000.0
2264545,119000.0
2264549,91000.0
2264569,117000.0
2264570,95000.0
2264571,117000.0
2264572,95000.0
2264573,257500.0
2264574,237000.0
2264575,101000.0
2264576,95000.0
2264577,257500.0
2264578,170000.0
2264589,369500.0
2264598,160600.0
2264600,160600.0
2264603,160600.0
2264604,160600.0
2264607,160600.0
2264610,160600.0
2264617,140000.0
2264618,132500.0
2264619,179500.0
2264629,157000.0
2264633,137500.0
2264637,267500.0
2264686,129000.0
2264690,79272.99
2264695,107000.0
2264699,179500.0
2264702,97250.0
2264709,119000.0
2264714,90950.0
2264717,125500.0
2264718,250000.0
2264723,184950.0
2264731,162500.0
2264732,669500.0
2264733,885000.0
2264734,245000.0
2264735,127550.0
2264736,800000.0
2264737,340000.0
2264744,800000.0
2264745,384500.0
2264747,800000.0
2264756,97000.0
2264763,95000.0
2264770,80700.0
2264773,287500.0
2264774,287500.0
2264780,477500.0
2264785,147500.0
2264795,101000.0
2264796,214500.0
2264798,477500.0
2264799,295000.0
2264800,75750.0
2264801,138450.0
2264807,247500.0
2264808,195000.0
2264811,360000.0
2264812,166500.0
2264813,103500.0
2264818,166500.0
2264835,390000.0
2264838,126500.0
2264847,410000.0
2264851,237000.0
2264878,60000.0
2264880,680000.0
2264888,116500.0
2264890,55000.0
2264893,260000.0
2264896,291150.0
2264920,255750.0
2264924,98000.0
2264925,96500.0
2264927,467500.0
2264929,307500.0
2264940,84500.0
2264943,97000.0
2264946,101350.0
2264952,380000.0
2264960,62500.0
2264970,544000.0
2264971,84500.0
2264975,101350.0
2264976,164000.0
2264981,72500.0
2264986,550000.0
2264989,147500.0
2264992,1235000.0
2264994,126000.0
2264997,139450.0
2265009,213500.0
2265015,93500.0
2265019,529500.0
2265023,120000.0
2265028,69000.0
2265029,280950.0
2265031,330000.0
2265038,68500.0
2265045,435000.0
2265046,388325.0
2265055,341593.5
2265057,437000.0
2265059,259000.0
2265060,320000.0
2265063,217500.0
2265085,120000.0
2265086,120000.0
2265087,120000.0
2265097,206311.5
2265098,57500.0
2265133,123500.0
2265145,602500.0
2265155,197852.0
2265180,137500.0
2265183,152500.0
2265192,133000.0
2265193,319500.0
2265194,316000.0
2265195,390000.0
2265196,524000.0
2265220,137500.0
2265226,195000.0
2265230,405000.0
2265232,86500.0
2265236,380000.0
2265246,72500.0
2265257,185000.0
2265258,150000.0
2265259,144500.0
2265263,91500.0
2265267,255500.0
2265270,131500.0
2265513,158500.0
2265537,425000.0
2265542,312000.0
2265545,355000.0
2265547,177500.0
2265549,257500.0
2265551,550000.0
2265552,102500.0
2265553,102500.0
2265554,102500.0
2265555,66500.0
2265556,181715.48
2265557,66500.0
2265558,66500.0
2265559,131000.0
2265560,131000.0
2265561,131000.0
2265562,131000.0
2265563,112000.0
2265564,112000.0
2265565,112000.0
2265566,112000.0
2265567,362500.0
2265568,362500.0
2265569,362500.0
2265570,447250.0
2265571,257500.0
2265572,257500.0
2265573,257500.0
2265574,257500.0
2265599,245000.0
2265603,217500.0
2265606,72450.0
2265607,102500.0
2265610,85000.0
2265611,58500.0
2265613,124250.0
2265614,144100.0
2265626,115000.0
2265630,145000.0
2265631,254500.0
2265632,64950.0
2265636,167000.0
2265638,100000.0
2265639,105000.0
2265642,158000.0
2265670,176432.265
2265671,88250.0
2265672,78803.79
2265674,395000.0
2265675,162500.0
2265676,137500.0
2265677,124750.0
2265678,86500.0
2265681,251250.0
2265683,139500.0
2265684,144000.0
2265685,132000.0
2265687,416000.0
2265688,141750.0
2265689,141750.0
2265690,168000.0
2265691,141750.0
2265692,141750.0
2265693,141750.0
2265694,141750.0
2265695,141750.0
2265696,141750.0
2265697,127450.0
2265698,127450.0
2265699,127450.0
2265700,127450.0
2265701,141750.0
2265702,127450.0
2265703,127450.0
2265704,127450.0
2265705,127450.0
2265706,127450.0
2265707,127450.0
2265708,1330000.0
2265710,196000.0
2265711,197500.0
2265712,226955.0
2265719,308000.0
2265721,142500.0
2265729,287450.0
2265733,112500.0
2265734,69000.0
2265755,195000.0
2265756,145000.0
2265757,145000.0
2265758,121000.0
2265767,110000.0
2265768,110000.0
2265779,263000.0
2265780,135000.0
2265781,176000.0
2265784,248500.0
2265785,132500.0
2265786,300000.0
2265787,699000.0
2265788,165000.0
2265789,284000.0
2265790,178750.0
2265791,178750.0
2265793,301500.0
2265794,301500.0
2265795,301500.0
2265798,301500.0
2265799,301500.0
2265800,301500.0
2265801,301500.0
2265804,94500.0
2265805,129500.0
2265809,162285.0
2265810,182219.5
2265813,139000.0
2265816,155000.0
2265817,78000.0
2265818,70000.0
2265822,345000.0
2265824,375000.0
2265830,89000.0
2265831,146000.0
2265833,202500.0
2265834,202500.0
2265851,890000.0
2265853,177500.0
2265857,99500.0
2265868,165000.0
2265869,105000.0
2265870,145000.0
2265871,145000.0
2265872,145000.0
2265873,145000.0
2265874,145000.0
2265876,124899.0
2265877,91500.0
2265879,204500.0
2265881,81250.0
2265886,164500.0
2265887,510000.0
2265888,200000.0
2265889,51750.0
2265926,122000.0
2265927,100000.0
2265928,100000.0
2265929,100000.0
2265930,100000.0
2265931,97500.0
2265932,125500.0
2265933,527500.0
2265934,420000.0
2265936,89000.0
2265937,89000.0
2265938,89000.0
2265946,86500.0
2265954,410000.0
2265955,111500.0
2265957,930000.0
2265959,412500.0
2265963,255000.0
2265964,144000.0
2265966,155000.0
2265967,155000.0
2265968,345000.0
2265974,75000.0
2265978,245000.0
2265980,97450.0
2265981,445000.0
2265982,325000.0
2265983,177000.0
2265984,160000.0
2265988,192500.0
2265989,126500.0
2265991,218500.0
2266020,157500.0
2266031,89000.0
2266032,237500.0
2266064,187500.0
2266079,234500.0
2266080,234500.0
2266083,570000.0
2266084,570000.0
2266102,260000.0
2266105,570000.0
2266106,570000.0
2266109,475000.0
2266110,475000.0
2266113,210000.0
2266114,210000.0
2266117,200000.0
2266118,200000.0
2266121,202500.0
2266156,259000.0
2266158,182500.0
2266159,79500.0
2266171,245000.0
2266172,245000.0
2266177,227500.0
2266178,227500.0
2266179,227500.0
2266180,227500.0
2266189,250000.0
2266190,250000.0
2266244,234500.0
2266245,234500.0
2266254,465000.0
2266255,465000.0
2266258,345000.0
2266259,345000.0
2266260,480000.0
2266261,480000.0
2266262,250000.0
2266263,250000.0
2266277,805000.0
2266278,234500.0
2266279,234500.0
2266284,335000.0
2266285,335000.0
2266294,190000.0
2266297,365000.0
2266316,187500.0
2266317,187500.0
2266320,210000.0
2266321,210000.0
2266322,147500.0
2266323,147500.0
2266334,250000.0
2266335,250000.0
2266342,307500.0
2266348,380000.0
2266352,220000.0
2266353,220000.0
2266356,147500.0
2266357,147500.0
2266366,570000.0
2266367,570000.0
2266373,219000.0
2266374,219000.0
2266378,152500.0
2266444,427000.0
2266446,234500.0
2266447,1950000.0
2266449,202500.0
2266452,132000.0
2266454,288000.0
2266455,199000.0
2266467,210000.0
2266469,527500.0
2266477,335000.0
2266478,201500.0
2266481,81250.0
2266483,202500.0
2266485,246000.0
2266486,265000.0
2266487,265000.0
2266489,260000.0
2266503,265000.0
2266519,156500.0
2266523,320000.0
2266527,140000.0
2266530,81250.0
2266532,317500.0
2266533,137500.0
2266534,251967.7
2266562,101970.62
2266563,108500.0
2266569,327500.0
2266570,327500.0
2266571,377500.0
2266572,175000.0
2266574,121384.19
2266587,211500.0
2266597,195000.0
2266599,160000.0
2266602,514500.0
2266603,514500.0
2266604,514500.0
2266605,514500.0
2266654,245000.0
2266658,185000.5
2266664,455000.0
2266673,84000.0
2266688,329500.0
2266699,455000.0
2266700,332500.0
2266701,455000.0
2266702,455000.0
2266710,115000.0
2266712,94000.0
2266717,94000.0
2266722,116000.0
2266723,181000.0
2266729,181000.0
2266730,181000.0
2266731,181000.0
2266732,181000.0
2266733,181000.0
2266734,181000.0
2266735,181000.0
2266736,181000.0
2266737,181000.0
2266739,181000.0
2266740,181000.0
2266741,181000.0
2266742,181000.0
2266743,181000.0
2266744,116000.0
2266748,141950.0
2266749,420000.0
2266775,162000.0
2266781,315000.0
2266783,162000.0
2266784,162000.0
2266793,262500.0
2266795,155750.0
2266802,360000.0
2266805,360000.0
2266816,367500.0
2266826,97150.0
2266835,168000.0
2266836,302500.0
2266838,97150.0
2266839,139950.0
2266845,167500.0
2266848,185000.0
2266851,122500.0
2266856,141500.0
2266857,104000.0
2266863,360000.0
2266865,221250.0
2266888,43000.0
2266889,101000.0
2266893,835000.0
2266898,295000.0
2266918,104000.0
2266924,244000.0
2266945,78000.0
2266947,357500.0
2267013,64406.1
2267025,725856.5
2267031,64406.1
2267032,64406.1
2267033,64406.1
2267034,64406.1
2267049,185500.0
2267051,185500.0
2267067,102500.0
2267073,134250.0
2267074,69000.0
2267075,119500.0
2267076,745000.0
2267086,346500.0
2267097,199000.0
2267100,119500.0
2267105,118000.0
2267108,77500.0
2267109,95500.0
2267129,282500.0
2267140,96164.995
2267141,209500.0
2267142,156737.5
2267143,125000.0
2267144,125000.0
2267145,125000.0
2267146,125000.0
2267147,364500.0
2267148,70000.0
2267149,70000.0
2267156,282500.0
2267168,192500.0
2267169,94000.0
2267178,177500.0
2267180,310000.0
2267181,133000.0
2267185,225000.0
2267198,160500.0
2267200,160500.0
2267207,212500.0
2267210,80000.0
2267213,228500.0
2267217,425000.0
2267222,185000.0
2267229,760000.0
2267237,415000.0
2267238,187500.0
2267239,339739.99
2267251,124750.0
2267255,118750.0
2267257,172000.0
2267259,157500.0
2267260,170000.0
2267261,85000.0
2267262,179900.0
2267264,154932.66
2267302,319000.0
2267306,82500.0
2267307,96223.695
2267308,140000.0
2267311,680000.0
2267312,449000.0
2267315,215500.0
2267316,449000.0
2267318,70000.0
2267319,146000.0
2267321,150000.0
2267323,150000.0
2267324,150000.0
2267325,150000.0
2267326,117000.0
2267332,267500.0
2267333,380000.0
2267334,116993.0
2267336,116993.0
2267337,116993.0
2267338,295000.0
2267339,223500.0
2267341,71323.5
2267342,99950.0
2267344,112500.0
2267345,320000.0
2267348,1469500.0
2267349,308500.0
2267350,850000.0
2267365,312000.0
2267366,169500.0
2267367,237500.0
2267371,415000.0
2267372,376000.0
2267373,150000.0
2267376,270000.0
2267386,111000.0
2267475,191200.0
2267480,99461.5
2267487,117250.0
2267488,467500.0
2267489,127500.0
2267504,621196.0
2267515,102514.195
2267516,237500.0
2267517,101500.0
2267518,126500.0
2267519,126500.0
2267520,152000.0
2267521,129500.0
2267522,150500.0
2267523,162500.0
2267524,179000.0
2267525,129500.0
2267527,229500.0
2267528,63000.0
2267529,172500.0
2267530,352500.0
2267533,173508.0
2267544,193500.0
2267546,102000.0
2267547,149000.0
2267551,210000.0
2267552,262500.0
2267602,287500.0
2267603,101500.0
2267605,72500.0
2267608,109000.0
2267609,225000.0
2267612,294000.0
2267614,165000.0
2267621,163500.0
2267623,350000.0
2267624,247500.0
2267627,105000.0
2267628,171000.0
2267629,235000.0
2267632,520000.0
2267633,105000.0
2267634,105000.0
2267635,105000.0
2267636,105000.0
2267637,264000.0
2267638,185000.0
2267646,264500.0
2267653,132450.0
2267654,112500.0
2267657,389500.0
2267668,152000.0
2267670,379000.0
2267671,140000.0
2267672,460000.0
2267673,420000.0
2267674,127000.0
2267675,106500.0
2267677,758586.0
2267693,310000.0
2267694,419000.0
2267696,299000.0
2267705,71250.0
2267711,119500.0
2267712,73000.0
2267731,102000.0
2267792,265000.0
2267800,272500.0
2267821,765000.0
2267839,201500.0
2267840,201500.0
2267900,169000.0
2267908,137500.0
2267928,206500.0
2267932,77500.0
2267934,88500.0
2267936,315000.0
2267943,113500.0
2267946,71500.0
2267947,65250.0
2267951,425000.0
2267953,69000.0
2267958,162500.0
2267960,89000.0
2267964,80000.0
2267978,137500.0
2267981,267500.0
2267982,189500.0
2267985,102500.0
2267994,207500.0
2268002,295000.0
2268003,300800.0
2268005,157500.0
2268029,2100000.0
2268036,190000.0
2268045,730000.0
2268050,69000.0
2268051,80000.0
2268052,377500.0
2268053,93000.0
2268055,173500.0
2268059,194000.0
2268091,117500.0
2268145,67000.0
2268150,133355.0
2268158,422500.0
2268159,765000.0
2268160,179000.0
2268161,215000.0
2268170,254500.0
2268189,105000.0
2268193,375000.0
2268201,75000.0
2268204,285000.0
2268208,228500.0
2268218,117250.0
2268221,183500.0
2268224,400000.0
2268227,92000.0
2268231,175000.0
2268234,216000.0
2268237,310000.0
2268240,197500.0
2268244,114000.0
2268248,310000.0
2268254,90450.0
2268267,127500.0
2268270,380000.0
2268273,445000.0
2268284,255000.0
2268286,108950.0
2268294,78500.0
2268295,81000.0
2268297,97000.0
2268300,137000.0
2268301,212500.0
2268303,150000.0
2268305,374500.0
2268307,307500.0
2268309,218500.0
2268312,262500.0
2268315,140000.0
2268317,237500.0
2268318,355000.0
2268325,180000.0
2268327,765000.0
2268329,272500.0
2268332,291500.0
2268333,482500.0
2268338,92500.0
2268340,500000.0
2268343,139000.0
2268345,188500.0
2268347,199000.0
2268351,425000.0
2268355,280000.0
2268357,270000.0
2268359,285000.0
2268367,380625.0
2268372,141450.0
2268374,182000.0
2268376,171000.0
2268381,114000.0
2268386,80000.0
2268390,352500.0
2268392,97500.0
2268395,240000.0
2268399,305000.0
2268406,88250.0
2268408,245000.0
2268413,357500.0
2268419,220000.0
2268425,580000.0
2268429,295000.0
2268432,322500.0
2268437,207500.0
2268439,138500.0
2268441,137500.0
2268449,340000.0
2268453,270000.0
2268455,210000.0
2268474,500000.0
2268475,75000.0
2268479,301750.0
2268483,95000.0
2268485,265000.0
2268491,187500.0
2268497,137450.0
2268505,87500.0
2268508,106500.0
2268511,157500.0
2268517,51000.0
2268519,92250.0
2268521,145000.0
2268529,272500.0
2268531,272500.0
2268533,123698.5
2268535,210000.0
2268537,111000.0
2268541,145000.0
2268543,134000.0
2268545,154000.0
2268546,280000.0
2268548,270000.0
2268550,200000.0
2268553,82000.0
2268567,71500.0
2268569,400000.0
2268573,70000.0
2268582,352500.0
2268587,179000.0
2268591,67500.0
2268593,81500.0
2268597,67500.0
2268599,67500.0
2268601,80000.0
2268603,80000.0
2268605,80000.0
2268607,80000.0
2268609,80000.0
2268612,80000.0
2268614,380000.0
2268616,125000.0
2268622,157500.0
2268624,74000.0
2268626,60159.78
2268628,454500.0
2268629,454500.0
2268631,250000.0
2268635,165000.0
2268640,270000.0
2268642,270000.0
2268650,195000.0
2268652,119000.0
2268656,143150.0
2268662,204500.0
2268664,197500.0
2268666,199950.0
2268668,70000.0
2268670,99000.0
2268676,405000.0
2268684,315000.0
2268690,225000.0
2268692,83500.0
2268696,82000.0
2268698,82000.0
2268700,99750.0
2268702,99750.0
2268704,99750.0
2268706,99750.0
2268708,99750.0
2268710,99750.0
2268712,99750.0
2268714,244600.0
2268716,87736.485
2268717,87736.485
2268719,87736.485
2268722,87736.485
2268724,216500.0
2268735,272500.0
2268737,107000.0
2268739,352500.0
2268741,332500.0
2268749,82500.0
2268751,75000.0
2268754,175000.0
2268756,112500.0
2268763,163500.0
2268765,400000.0
2268769,126500.0
2268771,485000.0
2268779,254000.0
2268783,187500.0
2268785,134000.0
2268787,335000.0
2268789,565000.0
2268797,292500.0
2268801,690000.0
2268803,317500.0
2268807,200000.0
2268809,284500.0
2268815,125000.0
2268836,270000.0
2268838,291500.0
2268842,267500.0
2268852,104000.0
2268873,212532.0
2268889,250000.0
2268892,132500.0
2268895,138500.0
2268897,270000.0
2268905,280000.0
2268908,79000.0
2268912,126000.0
2268919,377500.0
2268925,46906.1
2268935,75000.0
2268947,97500.0
2268951,352500.0
2268975,135000.0
2268977,350000.0
2268983,182000.0
2268997,270000.0
2269000,365000.0
2269002,215000.0
2269005,200000.0
2269007,132500.0
2269009,399500.0
2269017,380000.0
2269023,137500.0
2269029,110000.0
2269035,235000.0
2269037,80000.0
2269041,122500.0
2269045,260000.0
2269055,82000.0
2269057,500000.0
2269067,282500.0
2269069,220000.0
2269075,200500.0
2269077,179500.0
2269081,240000.0
2269094,62500.0
2269102,106500.0
2269110,87240.0
2269116,187000.0
2269122,77450.0
2269129,124000.0
2269155,144885.5
2269172,64500.0
2269176,80250.0
2269179,73500.0
2269180,212500.0
2269181,120000.0
2269185,168500.0
2269187,209500.0
2269193,62800.0
2269197,62800.0
2269203,139900.0
2269205,241500.0
2269206,86000.0
2269210,88883.48
2269211,77500.0
2269215,89750.0
2269216,144500.0
2269237,155000.0
2269238,247500.0
2269240,106750.0
2269257,182500.0
2269278,281000.0
2269302,312500.0
2269304,80000.0
2269314,80000.0
2269315,55250.0
2269325,80000.0
2269326,76500.0
2269338,76500.0
2269361,222000.0
2269380,442500.0
2269386,173500.0
2269392,117500.0
2269403,1216111.0
2269424,240000.0
2269430,169250.0
2269432,121666.345
2269437,121500.0
2269438,109000.0
2269450,121666.345
2269457,121666.345
2269459,122500.0
2269462,248000.0
2269463,121666.345
2269464,96500.0
2269470,121500.0
2269483,121666.345
2269535,469000.0
2269542,189000.0
2269549,97500.0
2269640,174000.0
2269641,1650000.0
2269696,155000.0
2269715,267000.0
2269722,145000.0
2269758,405000.0
2269761,47500.0
2269762,122000.0
2269763,290867.345
2269794,237600.0
2269795,160000.0
2269800,92500.0
2270115,1815000.0
2270126,142846.855
2270130,295000.0
2270131,139000.0
2270139,400000.0
2270165,89500.0
2270166,72000.0
2270167,148450.0
2270209,365000.0
2270216,295000.0
2270219,87000.0
2270226,127250.0
2270227,192500.0
2270232,430000.0
2270235,336000.0
2270243,195250.0
2270246,330000.0
2270248,1010000.0
2270260,80000.0
2270276,479000.0
2270280,142500.0
2270290,335000.0
2270317,132000.0
2270326,270000.0
2270337,100000.0
2270351,164500.0
2270358,151000.0
2270363,176000.0
2270373,360000.0
2270386,93000.0
2270387,425000.0
2270414,295000.0
2270416,58750.0
2270417,216500.0
2270424,139666.5
2270426,137500.0
2270436,84707.715
2270439,245000.0
2270454,163500.0
2270455,122500.0
2270457,102500.0
2270458,225000.0
2270463,512500.0
2270464,765000.0
2270465,450000.0
2270491,139505.785
2270516,165000.0
2270518,319511.71
2270524,177000.0
2270526,250000.0
2270528,61327.155
2270539,501958.49
2270543,309000.0
2270546,432500.0
2270549,138000.0
2270550,315000.0
2270552,202250.0
2270556,78000.0
2270565,339000.0
2270568,170000.0
2270578,735000.0
2270588,467500.0
2270589,555000.0
2270596,260000.0
2270597,90000.0
2270598,130000.0
2270601,290000.0
2270604,61327.155
2270607,314150.0
2270722,81500.0
2270746,212500.0
2270749,206703.05
2270750,262500.0
2270752,154950.0
2270765,139900.0
2270769,46000.0
2270770,60000.0
2270800,770000.0
2270815,295000.0
2270816,725856.5
2270824,71000.0
2270825,102500.0
2270830,127500.0
2270851,259000.0
2270863,259000.0
2270871,227843.0
2270874,299000.0
2270937,475000.0
2270939,105250.0
2270940,287500.0
2270941,214500.0
2270942,582500.0
2270947,310000.0
2270949,129450.0
2270958,464000.0
2270964,122500.0
2270968,170000.0
2270969,67500.0
2271002,232500.0
2271005,177000.0
2271016,220700.0
2271017,126000.0
2271022,190000.0
2271027,181000.0
2271028,140845.5
2271034,186500.0
2271035,117500.0
2271038,117500.0
2271062,117500.0
2271064,380000.0
2271065,114500.0
2271071,179000.0
2271072,95000.0
2271075,108500.0
2271078,102500.0
2271085,109000.0
2271117,123500.0
2271119,149500.0
2271121,315000.0
2271124,225000.0
2271136,485000.0
2271137,122500.0
2271138,122500.0
2271139,122500.0
2271140,122500.0
2271141,122500.0
2271142,120000.0
2271143,120000.0
2271144,120000.0
2271145,120000.0
2271146,120000.0
2271164,91925.0
2271167,522000.0
2271187,173500.0
2271193,135000.0
2271201,170000.0
2271205,270000.0
2271210,235000.0
2271211,235000.0
2271212,284500.0
2271213,489000.0
2271218,191000.0
2271221,89500.0
2271223,252500.0
2271233,252000.0
2271234,310000.0
2271235,310000.0
2271236,144250.0
2271238,822500.0
2271248,489000.0
2271255,97500.0
2271257,97500.0
2271258,129000.0
2271261,134500.0
2271268,272500.0
2271283,87500.0
2271287,260000.0
2271293,87000.0
2271302,102500.0
2271310,143500.0
2271311,181450.0
2271313,89000.0
2271317,182000.0
2271319,567500.0
2271320,1300000.0
2271325,163950.0
2271328,124000.0
2271338,69643.5
2271339,69643.5
2271344,107500.0
2271345,302500.0
2271347,935000.0
2271349,62000.0
2271351,367500.0
2271358,95950.0
2271362,189775.0
2271363,395000.0
2271368,152500.0
2271376,124000.0
2271377,285000.0
2271379,127500.0
2271380,222000.0
2271383,170000.0
2271389,82500.0
2271395,110000.0
2271398,123950.0
2271401,705000.0
2271407,390000.0
2271409,420000.0
2271411,260000.0
2271414,136000.0
2271415,132000.0
2271416,120000.0
2271419,166500.0
2271421,250560.0
2271422,81500.0
2271427,59250.0
2271448,325000.0
2271450,90450.0
2271454,447499.5
2271460,325000.0
2271462,440000.0
2271472,329500.0
2271473,1500000.0
2271476,180906.25
2271477,162949.515
2271479,279027.255
2271483,65836.93
2271484,65836.93
2271485,400000.0
2271488,290000.0
2271492,105600.0
2271493,105600.0
2271494,76100.0
2271495,105170.765
2271497,127500.0
2271498,97500.0
2271530,183500.0
2271534,92500.0
2271537,289500.0
2271539,147500.0
2271540,300000.0
2271544,380000.0
2271545,120000.0
2271547,132500.0
2271549,127500.0
2271550,277500.0
2271563,125000.0
2271566,130000.0
2271580,371000.0
2271582,122500.0
2271585,377500.0
2271586,165000.0
2271589,377500.0
2271598,329902.5
2271599,177500.0
2271604,262500.0
2271607,96500.0
2271608,100000.0
2271615,249500.0
2271700,53483.71
2271702,240000.0
2271705,595000.0
2271706,223500.0
2271709,76000.0
2271711,65000.0
2271712,65000.0
2271713,65000.0
2271716,72500.0
2271717,53500.0
2271718,372500.0
2271719,79000.0
2271720,127500.0
2271721,93750.0
2271730,101500.0
2271736,152000.0
2271738,82500.0
2271739,108500.0
2271741,122350.0
2271742,115000.0
2271743,81000.0
2271744,81000.0
2271745,119000.0
2271746,115000.0
2271747,115000.0
2271750,104000.0
2271752,146000.0
2271753,375000.0
2271754,53500.0
2271763,1045000.0
2271767,255000.0
2271768,514450.0
2271773,78500.0
2271774,360000.0
2271793,202450.0
2271794,129500.0
2271855,179000.0
2271861,105000.0
2271863,55500.0
2271977,447000.0
2271978,442500.0
2271983,187500.0
2271984,56500.0
2271987,730000.0
2271988,420000.0
2271989,585000.0
2271992,149900.0
2271999,350000.0
2272001,115000.0
2272004,111500.0
2272016,233500.0
2272017,145000.0
2272018,245156.75
2272022,357500.0
2272025,240000.0
2272031,440000.0
2272034,425000.0
2272037,350000.0
2272042,88450.0
2272048,153200.0
2272073,292500.0
2272074,175209.57
2272075,90000.0
2272103,111500.0
2272105,189775.0
2272106,137625.0
2272107,137625.0
2272131,340000.0
2272132,162500.0
2272133,75000.0
2272134,372500.0
2272136,187500.0
2272145,82300.0
2272146,158500.0
2272175,660000.0
2272176,111000.0
2272177,132500.0
2272179,58325.0
2272185,73000.0
2272186,76500.0
2272187,92000.0
2272190,241129.89
2272198,297900.0
2272205,50000.0
2272207,101944.0
2272209,235000.0
2272228,277500.0
2272235,138500.0
2272237,280000.0
2272246,714500.0
2272252,63000.0
2272285,83500.0
2272287,259000.0
2272288,935000.0
2272300,263000.0
2272307,133500.0
2272311,44000.0
2272315,51000.0
2272322,447000.0
2272328,442500.0
2272332,140000.0
2272339,544000.0
2272341,107500.0
2272354,88450.0
2272357,88000.0
2272361,252500.0
2272364,146500.0
2272370,287000.0
2272371,52799.0
2272374,117500.0
2272385,79500.0
2272386,415000.0
2272403,348000.0
2272405,83000.0
2272408,187500.0
2272413,101830.0
2272420,72500.0
2272424,1590000.0
2272427,100749.375
2272432,62000.39
2272434,111500.0
2272438,95000.0
2272439,77017.5
2272440,460000.0
2272442,100000.0
2272445,106417.0
2272447,212228.0
2272448,116442.0
2272449,88750.0
2272450,88750.0
2272451,116442.0
2272452,116442.0
2272453,94081.5
2272454,79000.0
2272458,1100000.0
2272461,137000.0
2272462,69643.5
2272469,380000.0
2272470,485000.0
2272481,120000.0
2272506,220000.0
2272507,289000.0
2272511,237500.0
2272517,84160.95
2272519,106000.0
2272520,119500.0
2272521,363478.775
2272523,377500.0
2272524,195000.0
2272530,410000.0
2272534,84000.0
2272538,325000.0
2272541,150000.0
2272543,181715.48
2272545,165000.0
2272555,92500.0
2272557,64000.0
2272562,172500.0
2272563,260000.0
2272568,144500.0
2272570,166500.0
2272571,106000.0
2272572,131500.0
2272573,79500.0
2272575,109750.0
2272576,610000.0
2272581,106000.0
2272582,104000.0
2272583,126500.0
2272607,350000.0
2272608,350000.0
2272637,48250.0
2272676,108950.0
2272689,414000.0
2272695,177000.0
2272745,92000.0
2272748,128800.0
2272749,292500.0
2272755,567500.0
2272756,245000.0
2272757,275000.0
2272758,274500.0
2272759,275000.0
2272761,274500.0
2272762,199240.0
2272763,199240.0
2272764,295000.0
2272765,295000.0
2272766,285733.925
2272768,280000.0
2272771,105500.0
2272779,104900.0
2272781,193500.0
2272784,89500.0
2272785,194000.0
2272788,364500.0
2272789,220000.0
2272847,265000.0
2272874,80000.0
2272875,142500.0
2272876,245000.0
2272878,445000.0
2272879,355000.0
2272880,107750.0
2272882,429000.0
2272883,85000.0
2272884,90950.0
2272885,301500.0
2272886,70450.0
2272887,83500.0
2272889,369000.0
2272892,155500.0
2272897,439500.0
2272916,230000.0
2272919,807062.5
2272920,375000.0
2272929,110000.0
2272933,105000.0
2272937,121750.0
2272938,297500.0
2272957,205000.0
2272971,97500.0
2273000,445000.0
2273001,284000.0
2273002,329500.0
2273023,104500.0
2273025,167500.0
2273049,83825.795
2273052,265000.0
2273056,400000.0
2273058,60000.0
2273059,1175000.0
2273066,133000.0
2273069,469000.0
2273070,235000.0
2273074,125750.0
2273076,212500.0
2273080,110000.0
2273081,144500.0
2273082,99500.0
2273083,84859.165
2273084,99500.0
2273089,185000.0
2273094,87000.0
2273095,610000.0
2273162,352500.0
2273182,99000.0
2273183,124000.0
2273193,112000.0
2273194,204203.05
2273196,227500.0
2273246,190900.0
2273254,112500.0
2273255,430000.0
2273258,260000.0
2273259,146500.0
2273260,440000.0
2273262,350000.0
2273263,292000.0
2273264,395000.0
2273265,340000.0
2273266,1050000.0
2273267,181500.0
2273268,419000.0
2273269,560000.0
2273270,709500.0
2273273,302500.0
2273275,188500.0
2273300,110000.0
2273301,100000.0
2273302,140000.0
2273303,112000.0
2273304,345000.0
2273305,115000.0
2273309,485000.0
2273313,158500.0
2273316,73000.0
2273317,140000.0
2273324,375000.0
2273335,86000.0
2273336,75000.0
2273337,280000.0
2273338,765000.0
2273343,255000.0
2273369,167500.0
2273373,262500.0
2273375,99770.0
2273376,107034.44
2273378,170000.0
2273382,390000.0
2273384,154500.0
2273385,154000.0
2273388,262500.0
2273389,177500.0
2273390,94450.0
2273391,92400.0
2273392,63000.0
2273393,103700.0
2273394,103700.0
2273395,94450.0
2273396,107500.0
2273397,176300.0
2273398,110000.0
2273399,103700.0
2273400,107500.0
2273401,190000.0
2273402,95000.0
2273403,101000.0
2273404,80700.0
2273413,81750.0
2273416,102500.0
2273419,160000.0
2273422,81500.0
2273423,455000.0
2273426,485000.0
2273427,113000.0
2273430,255000.0
2273443,190000.0
2273444,656000.0
2273445,112250.0
2273446,107500.0
2273447,82500.0
2273448,180500.0
2273450,138000.0
2273452,1105000.0
2273487,245000.0
2273488,225000.0
2273538,497500.0
2273542,85250.0
2273547,96818.165
2273559,62500.0
2273560,255000.0
2273564,1100000.0
2273565,444500.0
2273566,102500.0
2273568,140000.0
2273573,350000.0
2273575,167450.0
2273581,115000.0
2273594,229500.0
2273602,479500.0
2273621,297500.0
2273630,315000.0
2273631,202500.0
2273633,74500.0
2273683,165000.0
2273684,108000.0
2273685,374000.0
2273694,232500.0
2273695,122500.0
2273696,80000.0
2273702,176500.0
2273705,354500.0
2273707,77500.0
2273716,127500.0
2273717,615000.0
2273719,615000.0
2273720,118000.0
2273721,116000.0
2273722,78500.0
2273725,142500.0
2273728,537500.0
2273729,95950.0
2273739,297500.0
2273752,425000.0
2273754,565000.0
2273755,352500.0
2273758,167450.0
2273759,162500.0
2273760,565000.0
2273764,102000.0
2273765,565000.0
2273770,230000.0
2273771,257500.0
2273776,135900.0
2273783,75000.0
2273786,320000.0
2273789,310000.0
2273791,335000.0
2273793,375000.0
2273796,687500.0
2273814,100000.0
2273827,73000.0
2273831,315000.0
2273833,73000.0
2273834,119350.0
2273839,118000.0
2273840,118000.0
2273841,117000.0
2273844,800000.0
2273845,287000.0
2273846,407432.51
2273848,257500.0
2273850,394000.0
2273858,129500.0
2273859,815000.0
2273863,390000.0
2273868,244500.0
2273869,99000.0
2273870,105000.0
2273871,90525.5
2273873,231500.0
2273874,177500.0
2273875,750000.0
2273876,164500.0
2273880,112250.0
2273881,142500.0
2273884,168500.0
2273885,102500.0
2273887,104000.0
2273888,169500.0
2273890,133500.0
2273897,93750.0
2273905,80000.0
2273909,171350.0
2273913,285000.0
2273917,197500.0
2273937,54000.0
2273944,62500.0
2273946,134450.0
2273956,147500.0
2273957,142500.0
2273959,325000.0
2273960,1150000.0
2273962,188500.0
2273963,82750.0
2273966,307500.0
2273984,237500.0
2273985,160000.0
2273989,800000.0
2273996,465000.0
2274006,1615000.0
2274007,565000.0
2274009,209000.0
2274010,140000.0
2274016,263500.0
2274025,157500.0
2274027,720000.0
2274028,222500.0
2274031,647500.0
2274035,950000.0
2274045,79000.0
2274047,160897.26
2274058,127500.0
2274063,84500.0
2274064,692500.0
2274067,122000.0
2274068,70597.0
2274073,73400.0
2274075,172000.0
2274078,172500.0
2274079,171500.0
2274081,336000.0
2274084,232500.0
2274087,267500.0
2274089,410000.0
2274093,96468.765
2274095,154500.0
2274105,132250.0
2274106,165000.0
2274108,709500.0
2274132,95875.0
2274134,315000.0
2274135,144000.0
2274144,267500.0
2274146,417500.0
2274147,267500.0
2274150,112248.0
2274157,495000.0
2274169,427500.0
2274170,81500.0
2274171,382500.0
2274174,395000.0
2274178,157750.0
2274179,635000.0
2274186,78500.0
2274195,180000.0
2274201,116442.0
2274202,203266.345
2274203,116442.0
2274204,194053.0
2274205,130746.0
2274209,65750.0
2274211,117000.0
2274212,65750.0
2274214,384500.0
2274217,555000.0
2274219,605000.0
2274247,71250.0
2274248,158450.0
2274251,205000.0
2274257,62739.675
2274264,109500.0
2274266,250000.0
2274295,236500.0
2274304,102500.0
2274319,182500.0
2274329,104500.0
2274335,145000.0
2274341,53250.0
2274342,75000.0
2274362,191450.0
2274381,83764.475
2274382,135000.0
2274391,1175000.0
2274392,261500.0
2274393,177500.0
2274394,217500.0
2274395,129500.0
2274397,705000.0
2274399,75559.07
2274402,415000.0
2274403,106000.0
2274410,166500.0
2274412,99000.0
2274423,103700.0
2274425,107500.0
2274436,161500.0
2274437,105050.0
2274439,132500.0
2274440,381500.0
2274441,595000.0
2274442,595000.0
2274443,595000.0
2274450,265000.0
2274453,73250.0
2274461,95500.0
2274465,385000.0
2274468,112500.0
2274480,195000.0
2274482,170000.0
2274483,151500.0
2274484,151500.0
2274486,377500.0
2274492,807500.0
2274497,197000.0
2274501,149000.0
2274503,76450.0
2274518,261000.0
2274521,195600.0
2274522,97000.0
2274530,140000.0
2274532,249000.0
2274533,136950.0
2274534,297500.0
2274551,555000.0
2274552,347500.0
2274562,112500.0
2274563,112500.0
2274564,112500.0
2274565,112500.0
2274566,375000.0
2274578,92500.0
2274582,412500.0
2274583,412500.0
2274590,112500.0
2274591,185000.0
2274592,70000.0
2274596,240000.0
2274602,525000.0
2274603,421761.62
2274604,237000.0
2274605,163500.0
2274609,94500.0
2274610,129500.0
2274628,82500.0
2274632,266610.0
2274633,320000.0
2274634,78000.0
2274635,610000.0
2274636,445000.0
2274637,301500.0
2274644,114900.0
2274645,670000.0
2274646,95000.0
2274678,150000.0
2274684,72500.0
2274685,320000.0
2274686,144500.0
2274688,376250.0
2274689,108500.0
2274693,114000.0
2274696,221450.0
2274697,125000.0
2274700,117500.0
2274701,143000.0
2274708,246650.0
2274712,185000.0
2274715,275000.0
2274730,158500.0
2274731,158500.0
2274732,155000.0
2274735,69000.0
2274737,175000.0
2274740,85000.0
2274741,449500.0
2274744,225000.0
2274747,357500.0
2274758,359000.0
2274767,127500.0
2274768,202450.0
2274770,84180.0
2274777,497500.0
2274788,106500.0
2274792,260000.0
2274793,127500.0
2274795,240000.0
2274796,245000.0
2274799,110250.0
2274806,137000.0
2274809,1335000.0
2274820,197500.0
2274821,299950.0
2274825,58750.0
2274826,168950.0
2274830,259500.0
2274831,240000.0
2274835,332500.0
2274836,102500.0
2274839,385000.0
2274842,175000.0
2274854,131000.0
2274855,104000.0
2274856,112500.0
2274872,160000.0
2274875,269000.0
2274876,550000.0
2274877,232500.0
2274878,149500.0
2274879,128500.0
2274889,132500.0
2274890,105500.0
2274891,60750.0
2274894,974500.0
2274915,105000.0
2274925,219950.0
2274928,350000.0
2274945,382500.0
2275008,121000.0
2275009,192000.0
2275020,78568.0
2275021,74000.0
2275024,482290.0
2275025,148000.0
2275026,111500.0
2275034,92400.0
2275037,295000.0
2275038,255000.0
2275040,102500.0
2275059,90450.0
2275079,1150000.0
2275080,565000.0
2275081,240000.0
2275084,75239.675
2275089,230000.0
2275092,440000.0
2275093,76500.0
2275097,125000.0
2275098,140000.0
2275117,965000.0
2275127,130000.0
2275128,335000.0
2275129,262500.0
2275130,77000.0
2275131,63000.0
2275132,70500.0
2275133,94474.5
2275149,107500.0
2275161,187500.0
2275162,350000.0
2275166,103500.0
2275167,107000.0
2275169,99000.0
2275187,915000.0
2275188,139696.77
2275199,118500.0
2275202,193900.0
2275203,122500.0
2275204,1765000.0
2275206,120500.0
2275210,1765000.0
2275215,203500.0
2275216,800000.0
2275218,83700.0
2275220,65500.0
2275221,94000.0
2275222,84500.0
2275223,87500.0
2275224,77605.57
2275230,135156.75
2275243,365000.0
2275257,292350.0
2275294,335000.0
2275295,194000.0
2275298,66250.0
2275299,385000.0
2275300,113000.0
2275301,113000.0
2275414,51000.0
2275423,1160000.0
2275425,1160000.0
2275430,1500000.0
2275438,155000.0
2275449,59884.22
2275459,595000.0
2275481,255500.0
2275485,227500.0
2275486,120000.0
2275498,410251.0
2275502,89500.0
2275503,389500.0
2275504,107500.0
2275505,103700.0
2275506,121560.0
2275507,102500.0
2275508,107500.0
2275509,103400.0
2275510,107500.0
2275511,88500.0
2275512,103400.0
2275514,500000.0
2275515,118005.5
2275516,107500.0
2275522,58500.0
2275523,255000.0
2275525,219000.0
2275526,370000.0
2275527,274500.0
2275528,425000.0
2275534,93000.0
2275536,245000.0
2275537,203500.0
2275539,82068.0
2275551,437500.0
2275555,255000.0
2275568,417500.0
2275569,88000.0
2275573,133500.0
2275576,81450.0
2275577,585000.0
2275588,272500.0
2275605,207500.0
2275609,262500.0
2275620,250000.0
2275637,126500.0
2275640,134000.0
2275641,77500.0
2275644,220000.0
2275646,173000.0
2275653,262500.0
2275661,1160000.0
2275664,663000.0
2275665,1160000.0
2275668,80500.0
2275669,117750.0
2275670,118500.0
2275671,118500.0
2275672,210000.0
2275673,124820.0
2275674,325000.0
2275675,375000.0
2275679,136000.0
2275697,95000.0
2275707,615000.0
2275712,250000.0
2275714,145000.0
2275723,148103.72
2275724,220700.0
2275725,77400.0
2275727,195000.0
2275731,245156.75
2275739,310000.0
2275740,102000.0
2275741,305000.0
2275746,212500.0
2275750,202000.0
2275753,91000.0
2275754,68500.0
2275757,76000.0
2275758,66250.0
2275761,268500.0
2275771,252652.0
2275777,177500.0
2275782,95000.0
2275784,70450.0
2275790,292500.0
2275791,200500.0
2275792,280000.0
2275793,82500.0
2275795,82500.0
2275796,144500.0
2275894,68950.0
2275928,102900.0
2275958,179000.0
2275977,176300.0
2275981,177500.0
2275986,200000.0
2275987,494500.0
2275988,860000.0
2275989,280000.0
2275991,160000.0
2275992,247500.0
2275994,322500.0
2275997,165000.0
2275998,170000.0
2275999,677000.0
2276002,335000.0
2276021,86000.0
2276033,91500.0
2276035,335000.0
2276037,72500.0
2276080,169500.0
2276081,169500.0
2276162,102000.0
2276164,187500.0
2276169,261000.0
2276181,188000.0
2276183,370000.0
2276184,185000.0
2276185,745000.0
2276188,185000.0
2276189,131260.0
2276190,152450.0
2276191,112500.0
2276193,304000.0
2276201,207000.0
2276207,657500.0
2276216,649000.0
2276230,520000.0
2276245,275000.0
2276246,744148.5
2276247,744148.5
2276248,744148.5
2276249,275000.0
2276250,275000.0
2276251,275000.0
2276252,322000.0
2276253,277000.0
2276254,424000.0
2276255,632500.0
2276256,1105000.0
2276257,350000.0
2276258,350000.0
2276259,290000.0
2276260,447500.0
2276261,374500.0
2276262,374500.0
2276263,374500.0
2276264,305000.0
2276265,680000.0
2276272,279500.0
2276273,289000.0
2276274,343500.0
2276276,215000.0
2276277,240000.0
2276279,165000.0
2276280,282500.0
2276281,425000.0
2276282,440000.0
2276283,440000.0
2276285,310000.0
2276286,240000.0
2276287,171000.0
2276289,244500.0
2276290,244500.0
2276292,244500.0
2276294,257000.0
2276295,322000.0
2276296,785000.0
2276297,400000.0
2276298,785000.0
2276300,216500.0
2276303,372500.0
2276321,382500.0
2276324,252500.0
2276326,545000.0
2276328,181900.0
2276330,500000.0
2276334,295000.0
2276335,96474.5
2276337,63500.0
2276339,295000.0
2276344,202250.0
2276350,109894.0
2276351,96000.0
2276352,96000.0
2276354,480910.3
2276359,150000.0
2276379,85000.0
2276383,177500.0
2276384,140000.0
2276386,149900.0
2276389,231000.0
2276390,108500.0
2276393,186500.0
2276408,92500.0
2276415,520000.0
2276416,446312.5
2276422,301500.0
2276425,407500.0
2276428,540000.0
2276434,146500.0
2276435,344000.0
2276445,212500.0
2276451,400000.0
2276462,206000.0
2276463,109000.0
2276467,385000.0
2276474,65500.0
2276482,232500.0
2276486,567500.0
2276505,151500.0
2276522,860000.0
2276578,69500.0
2276579,69500.0
2276613,79500.0
2276620,101000.0
2276639,350000.0
2276640,280000.0
2276641,96500.0
2276648,78450.0
2276649,84707.715
2276654,182500.0
2276660,475000.0
2276662,117500.0
2276664,374750.0
2276665,117500.0
2276669,280000.0
2276675,230000.0
2276680,280000.0
2276684,450000.0
2276694,415000.0
2276697,132500.0
2276698,244500.0
2276701,135000.0
2276702,245000.0
2276704,174500.0
2276707,296500.0
2276709,180000.0
2276711,391178.5
2276712,215000.0
2276715,227500.0
2276728,90000.0
2276729,196500.0
2276736,127450.0
2276738,182200.0
2276742,242000.0
2276747,140750.0
2276757,915000.0
2276759,372500.0
2276768,205535.0
2276769,97202.0
2276770,295000.0
2276771,96736.4
2276772,162931.5
2276777,98000.0
2276780,248000.0
2276784,67500.0
2276796,112500.0
2276811,199803.465
2276827,209000.0
2276852,179900.0
2276860,100895.1
2276862,162500.0
2276863,540000.0
2276868,182500.0
2276872,166136.0
2276879,375000.0
2276881,98950.0
2276882,106000.0
2276883,132500.0
2276888,100000.0
2276889,122500.0
2276894,361500.0
2276895,377500.0
2276899,74269.5
2276906,509500.0
2276912,216500.0
2276913,72500.0
2276914,70000.0
2276917,103000.0
2276965,139000.0
2277006,82450.0
2277009,127500.0
2277014,227500.0
2277015,297000.0
2277016,127000.0
2277017,73500.0
2277042,789000.0
2277101,69000.0
2277102,229500.0
2277112,67500.0
2277113,55000.0
2277115,121500.0
2277199,265000.0
2277200,232500.0
2277204,420000.0
2277205,135000.0
2277211,425000.0
2277212,160000.0
2277218,118179.0
2277219,67000.0
2277257,63000.0
2277259,99500.0
2277260,99500.0
2277261,99500.0
2277262,99500.0
2277263,99500.0
2277264,92500.0
2277265,93000.0
2277266,93000.0
2277267,93000.0
2277268,93000.0
2277280,312500.0
2277281,142500.0
2277282,162000.0
2277283,512500.0
2277286,67450.0
2277287,595000.0
2277310,512500.0
2277312,279500.0
2277313,279500.0
2277314,279500.0
2277315,279500.0
2277316,279500.0
2277317,279500.0
2277318,279500.0
2277321,36000.0
2277332,245000.0
2277338,63000.0
2277340,50000.0
2277342,87500.0
2277345,72500.0
2277346,669500.0
2277351,140000.0
2277352,425000.0
2277356,140000.0
2277357,140000.0
2277358,97500.0
2277359,115000.0
2277361,167500.0
2277362,75900.0
2277364,410000.0
2277369,115000.0
2277371,185000.0
2277378,72500.0
2277381,340000.0
2277415,67500.0
2277421,109000.0
2277422,69500.0
2277425,162500.0
2277427,165000.0
2277428,122500.0
2277429,122500.0
2277451,200000.0
2277453,415000.0
2277526,117500.0
2277529,512500.0
2277531,85000.0
2277547,214750.0
2277592,162450.0
2277617,116500.0
2277618,212500.0
2277632,315000.0
2277633,202500.0
2277636,111000.0
2277638,264000.0
2277646,357500.0
2277661,90000.0
2277674,84000.0
2277690,119500.0
2277702,360000.0
2277716,240000.0
2277717,84707.715
2277718,237500.0
2277720,79750.0
2277734,92500.0
2277736,365000.0
2277761,97500.0
2277771,272500.0
2277776,57500.0
2277788,260000.0
2277796,317500.0
2277797,77000.0
2277798,425000.0
2277819,129500.0
2277820,129500.0
2277821,129500.0
2277822,114000.0
2277830,1175000.0
2277850,84500.0
2277865,52980.0
2277866,152500.0
2277867,37000.0
2277870,95000.0
2277895,39000.0
2277898,158000.0
2277900,39000.0
2277901,158000.0
2277902,955000.0
2277903,80000.0
2277904,140000.0
2277905,140000.0
2277914,540000.0
2277915,158000.0
2277916,158000.0
2277917,158000.0
2277918,158000.0
2277921,152000.0
2277922,80000.0
2277923,80000.0
2277924,235500.0
2277926,269000.0
2277940,230000.0
2277944,135000.0
2277945,157500.0
2277946,365000.0
2278005,223000.0
2278008,312500.0
2278009,142500.0
2278014,222500.0
2278018,365000.0
2278020,133000.0
2278022,425000.0
2278023,315000.0
2278026,365000.0
2278028,427500.0
2278030,427500.0
2278031,112500.0
2278034,425000.0
2278036,425000.0
2278046,100500.0
2278073,97400.0
2278076,185000.0
2278113,157500.0
2278115,610000.0
2278116,87500.0
2278117,71500.0
2278118,60000.0
2278119,117500.0
2278120,148500.0
2278121,380000.0
2278122,240000.0
2278123,322000.0
2278126,400000.0
2278127,168500.0
2278129,244750.0
2278130,260000.0
2278137,133000.0
2278138,133000.0
2278139,133000.0
2278151,515000.0
2278153,168550.0
2278159,149500.0
2278192,555000.0
2278196,1499999.0
2278199,118500.0
2278285,205000.0
2278291,190000.0
2278298,229000.0
2278301,323950.0
2278303,50500.0
2278309,127450.0
2278310,695000.0
2278320,102750.0
2278324,475000.0
2278326,252500.0
2278328,431500.0
2278335,112000.0
2278336,132500.0
2278356,199500.0
2278357,85800.0
2278443,162500.0
2278444,149750.0
2278450,87500.0
2278457,198183.5
2278460,235000.0
2278461,195000.0
2278464,875000.0
2278743,150000.0
2279032,105000.0
2279035,675000.0
2279036,610000.0
2279041,102750.0
2279042,170000.0
2279064,222000.0
2279068,472500.0
2279069,235000.0
2279070,130000.0
2279072,253750.0
2279073,384500.0
2279074,215000.0
2279075,105000.0
2279076,274500.0
2279082,105000.0
2279086,679500.0
2279090,255000.0
2279092,300000.0
2279094,500000.0
2279095,157500.0
2279098,440000.0
2279101,267500.0
2279102,175000.0
2279104,222500.0
2279110,487500.0
2279112,1060000.0
2279113,83400.0
2279114,95007.5
2279116,101500.0
2279117,116500.0
2279119,310000.0
2279120,199750.0
2279121,165000.0
2279122,165500.0
2279123,158199.0
2279124,309000.0
2279126,157000.0
2279127,207500.0
2279128,207450.0
2279129,123000.0
2279130,178909.39
2279131,178909.39
2279132,215000.0
2279134,727500.0
2279135,70000.0
2279160,62000.0
2279162,83500.0
2279165,167000.0
2279168,437500.0
2279170,97400.0
2279171,72500.0
2279174,185000.0
2279175,185000.0
2279176,155000.0
2279178,101750.0
2279179,427500.0
2279183,152500.0
2279185,122500.0
2279188,165000.0
2279190,97400.0
2279191,135000.0
2279193,205000.0
2279196,167500.0
2279210,237500.0
2279223,87500.0
2279226,130000.0
2279231,146500.0
2279241,502500.0
2279242,165000.0
2279243,52500.0
2279250,89500.0
2279269,107500.0
2279274,82500.0
2279279,141500.0
2279281,307500.0
2279284,335000.0
2279288,70000.0
2279294,115000.0
2279317,130000.0
2279318,130000.0
2279324,84000.0
2279330,405000.0
2279331,230000.0
2279333,425000.0
2279339,78500.0
2279349,82500.0
2279353,72500.0
2279355,116486.0
2279356,225000.0
2279367,390000.0
2279375,112500.0
2279376,98250.0
2279377,151000.0
2279379,72500.0
2279382,83500.0
2279384,77500.0
2279385,125000.0
2279392,480000.0
2279398,200000.0
2279406,74500.0
2279415,77833.845
2279417,82500.0
2279419,214000.0
2279420,73000.0
2279434,210000.0
2279438,385000.0
2279440,325000.0
2279442,115000.0
2279453,200000.0
2279454,200000.0
2279457,262500.0
2279461,280000.0
2279462,171500.0
2279465,205000.0
2279466,315000.0
2279473,395000.0
2279494,243500.0
2279495,117500.0
2279496,342500.0
2279501,77500.0
2279502,126000.0
2279504,182500.0
2279520,65000.0
2279522,330000.0
2279524,264000.0
2279526,209825.0
2279527,549000.0
2279528,190000.0
2279529,175000.0
2279530,139500.0
2279531,200000.0
2279532,140000.0
2279534,135000.0
2279535,140000.0
2279536,140000.0
2279537,305000.0
2279541,352500.0
2279558,156500.0
2279559,223500.0
2279560,147500.0
2279563,142000.0
2279578,79450.0
2279596,397500.0
2279610,106500.0
2279611,124500.0
2279612,78500.0
2279613,240000.0
2279614,146500.0
2279619,124500.0
2279622,257016.54
2279623,180000.0
2279627,78000.0
2279628,167500.0
2279636,67500.0
2279639,280000.0
2279645,187500.0
2279647,132500.0
2279649,162500.0
2279654,89500.0
2279655,47000.0
2279656,43000.0
2279657,353500.0
2279687,60159.78
2279706,149000.0
2279707,128500.0
2279709,220000.0
2279713,148000.0
2279714,95500.0
2279719,104950.0
2279720,148000.0
2279721,156500.0
2279724,148500.0
2279726,156500.0
2279730,119000.0
2279731,610000.0
2279733,415000.0
2279734,190000.0
2279742,335000.0
2279745,137500.0
2279746,485000.0
2279747,335000.0
2279748,160000.0
2279750,157500.0
2279767,265000.0
2279802,148000.0
2279809,375000.0
2279812,60500.0
2279819,250000.0
2279822,85000.0
2279825,92500.0
2279831,95000.0
2279833,349000.0
2279835,190800.0
2279850,84000.0
2279863,425000.0
2279864,65000.0
2279866,315000.0
2279868,214000.0
2279870,104000.0
2279872,104000.0
2279873,104000.0
2279874,66000.0
2279882,135004.5
2279886,240000.0
2279889,50000.0
2279892,80000.0
2279893,390000.0
2279895,155000.0
2279896,102133.28
2279897,365000.0
2279898,106500.0
2279899,106500.0
2279902,95500.0
2279903,223688.405
2279905,105000.0
2279908,81000.0
2279909,86873.895
2279910,167500.0
2279921,139000.0
2279936,255000.0
2279937,127500.0
2279939,205000.0
2279943,110000.0
2279944,157500.0
2279945,170000.0
2279959,116500.0
2279961,92500.0
2279968,244000.0
2279973,67500.0
2279979,205000.0
2279980,125000.0
2279985,79500.0
2279987,115000.0
2279998,160000.0
2279999,247000.0
2280003,217500.0
2280021,54000.0
2280023,78000.0
2280029,192500.0
2280034,115000.0
2280042,222500.0
2280044,50000.0
2280047,180000.0
2280048,375000.0
2280050,59000.0
2280057,450000.0
2280065,197500.0
2280067,237500.0
2280127,87500.0
2280134,365000.0
2280138,530000.0
2280139,330000.0
2280144,100650.0
2280147,425000.0
2280148,190000.0
2280149,365000.0
2280151,136383.5
2280152,130000.0
2280155,113500.0
2280156,200000.0
2280169,169000.0
2280170,100000.0
2280172,410000.0
2280176,125688.705
2280179,112000.0
2280180,107500.0
2280182,112500.0
2280183,83500.0
2280184,78500.0
2280185,71500.0
2280186,126500.0
2280192,67000.0
2280204,99500.0
2280208,135000.0
2280212,155000.0
2280213,285000.0
2280225,605000.0
2280227,125000.0
2280238,72500.0
2280239,69500.0
2280244,160000.0
2280249,120000.0
2280250,52500.0
2280251,79750.0
2280252,246000.0
2280254,169000.0
2280255,315000.0
2280256,192500.0
2280257,490000.0
2280260,83500.0
2280261,242500.0
2280262,332500.0
2280263,164499.5
2280264,315000.0
2280268,155000.0
2280270,185000.0
2280271,274000.0
2280289,450000.0
2280290,310000.0
2280295,69850.0
2280302,160000.0
2280310,262500.0
2280314,185000.0
2280315,122500.0
2280317,425000.0
2280319,62500.0
2280336,190000.0
2280337,1250000.0
2280340,118500.0
2280342,112000.0
2280348,315000.0
2280351,84270.42
2280352,144750.0
2280354,57500.0
2280359,307500.0
2280360,85000.0
2280361,84000.0
2280362,85000.0
2280365,595000.0
2280366,116486.0
2280367,190800.0
2280368,119500.0
2280370,72000.0
2280371,410000.0
2280373,240000.0
2280374,58000.0
2280375,425000.0
2280380,95000.0
2280381,125000.0
2280382,425000.0
2280383,200000.0
2280384,122521.5
2280385,134750.0
2280386,140000.0
2280387,425000.0
2280388,71500.0
2280398,135000.0
2280402,352500.0
2280403,100000.0
2280404,210000.0
2280407,318500.0
2280418,120000.0
2280420,307500.0
2280423,370000.0
2280427,121500.0
2280435,100000.0
2280442,210000.0
2280444,80000.0
2280445,510000.0
2280446,131500.0
2280447,488000.0
2280448,280000.0
2280449,105000.0
2280451,315000.0
2280453,112500.0
2280454,185000.0
2280455,195000.0
2280456,90000.0
2280462,142500.0
2280463,135000.0
2280465,259950.0
2280466,179450.0
2280474,75000.0
2280476,485000.0
2280485,67500.0
2280486,95000.0
2280488,167000.0
2280489,200000.0
2280493,365000.0
2280502,172500.0
2280503,264000.0
2280504,559000.0
2280505,240000.0
2280509,219707.715
2280510,200000.0
2280511,500000.0
2280513,135000.0
2280514,300000.0
2280519,250000.0
2280520,125000.0
2280522,270000.0
2280523,262500.0
2280524,127500.0
2280533,84270.42
2280534,84270.42
2280535,168500.0
2280648,425000.0
2280649,379500.0
2280650,92500.0
2280654,225000.0
2280655,440000.0
2280671,226000.0
2280672,69750.0
2280676,124500.0
2280695,540000.0
2280705,585000.0
2280706,43000.0
2280732,144500.0
2280733,242500.0
2280734,140000.0
2280739,500000.0
2280740,437500.0
2280752,81500.0
2280754,195000.0
2280757,425000.0
2280759,164500.0
2280761,103250.0
2280762,110000.0
2280763,78500.0
2280765,300000.0
2280766,162500.0
2280778,502500.0
2280779,252500.0
2280781,320000.0
2280782,82879.315
2280783,158500.0
2280784,60329.315
2280785,127500.0
2280786,82879.315
2280787,158500.0
2280788,60329.315
2280789,127500.0
2280790,127500.0
2280791,60329.315
2280792,158500.0
2280793,82879.315
2280794,105000.0
2280795,155000.0
2280796,407500.0
2280797,208750.0
2280798,208750.0
2280799,407500.0
2280800,155000.0
2280801,105000.0
2280802,138473.5
2280803,130000.0
2280804,407500.0
2280805,208750.0
2280806,208750.0
2280807,407500.0
2280808,105000.0
2280809,122000.0
2280810,130000.0
2280811,155000.0
2280812,155000.0
2280813,80350.0
2280814,77850.0
2280815,138000.0
2280816,138000.0
2280817,117000.0
2280821,187500.0
2280824,260645.0
2280825,138000.0
2280828,225000.0
2280831,645000.0
2280832,644500.0
2280833,289500.0
2280837,128500.0
2280838,125000.0
2280841,292500.0
2280843,240000.0
2280844,149500.0
2280854,340000.0
2280858,120000.0
2280864,81560.84
2280865,103500.0
2280866,156500.0
2280867,225000.0
2280868,180000.0
2280869,805000.0
2280870,190000.0
2280871,610000.0
2280875,130000.0
2280877,280000.0
2280880,160000.0
2280892,162500.0
2281095,297500.0
2281096,450000.0
2281103,440000.0
2281114,108000.0
2281115,72500.0
2281119,430000.0
2281120,92000.0
2281130,135000.0
2281131,135000.0
2281132,107964.5
2281133,107964.5
2281134,107964.5
2281135,79500.0
2281137,190000.0
2281138,50000.0
2281139,162500.0
2281141,365000.0
2281149,170000.0
2281150,215000.0
2281151,214000.0
2281152,282500.0
2281153,365000.0
2281155,352500.0
2281156,88191.74
2281158,610000.0
2281166,480000.0
2281210,102500.0
2281212,375000.0
2281213,252500.0
2281214,790000.0
2281218,69000.0
2281221,130500.0
2281224,85000.0
2281227,139500.0
2281228,145000.0
2281229,193000.0
2281230,127450.0
2281231,190050.0
2281234,257500.0
2281235,262500.0
2281236,170000.0
2281239,80350.0
2281248,45000.0
2281249,300000.0
2281250,160000.0
2281267,120000.0
2281271,120223.695
2281274,157500.0
2281309,83500.0
2281324,204000.0
2281326,184500.0
2281330,147500.0
2281340,270000.0
2281358,292500.0
2281369,150000.0
2281371,169500.0
2281372,399000.0
2281373,237500.0
2281374,265000.0
2281375,169500.0
2281376,250000.0
2281377,227000.0
2281378,307500.0
2281379,169500.0
2281380,157500.0
2281381,265000.0
2281382,255000.0
2281383,150000.0
2281384,150000.0
2281386,232500.0
2281387,177500.0
2281388,90000.0
2281393,169500.0
2281394,204000.0
2281398,102950.0
2281405,327500.0
2281408,272500.0
2281409,103500.0
2281410,151500.0
2281417,185000.0
2281419,120223.695
2281423,340000.0
2281426,137500.0
2281428,255500.0
2281430,170000.0
2281431,92500.0
2281433,135000.0
2281435,142500.0
2281437,287500.0
2281439,108500.0
2281441,108000.0
2281442,980000.0
2281449,93500.0
2281451,70500.0
2281453,83500.0
2281454,118500.0
2281455,101995.33
2281457,387500.0
2281458,237500.0
2281460,44250.0
2281461,44250.0
2281462,175000.0
2281466,84707.715
2281468,139000.0
2281471,61500.0
2281477,116486.0
2281478,190800.0
2281479,82500.0
2281480,116486.0
2281481,116486.0
2281482,116486.0
2281483,82500.0
2281485,127500.0
2281496,73000.0
2281504,127500.0
2281505,316500.0
2281509,234000.0
2281510,111218.5
2281514,98514.105
2281515,72500.0
2281516,177500.0
2281517,345000.0
2281520,315000.0
2281525,167500.0
2281526,72500.0
2281529,79750.0
2281530,43000.0
2281531,980000.0
2281538,275000.0
2281539,90000.0
2281540,88500.0
2281542,317000.0
2281543,240000.0
2281545,142500.0
2281546,72500.0
2281547,180000.0
2281549,146093.5
2281550,128500.0
2281560,1570000.0
2281561,425000.0
2281562,124142.5
2281619,146500.0
2281620,237500.0
2281621,352500.0
2281624,210000.0
2281626,722500.0
2281633,75250.0
2281634,75250.0
2281635,75250.0
2281636,75250.0
2281637,75250.0
2281638,75250.0
2281639,75250.0
2281641,390000.0
2281642,128500.0
2281644,580000.0
2281653,79500.0
2281657,197500.0
2281660,85000.0
2281665,235000.0
2281680,144000.0
2281685,160000.0
2281697,72500.0
2281698,112000.0
2281704,78000.0
2281705,85500.0
2281714,124500.0
2281716,64875.0
2281725,75250.0
2281728,86500.0
2281729,230000.0
2281737,124000.0
2281748,88500.0
2281749,88500.0
2281751,175000.0
2281755,80000.0
2281758,255000.0
2281759,162500.0
2281762,155000.0
2281763,112500.0
2281786,452500.0
2281792,118000.0
2281793,140000.0
2281794,46594.955
2281807,315000.0
2281810,120930.0
2281811,177500.0
2281812,104250.0
2281815,110000.0
2281821,109000.0
2281823,330000.0
2281826,790000.0
2281827,200000.0
2281828,137500.0
2281834,130000.0
2281846,112000.0
2281847,79000.0
2281850,290000.0
2281899,72500.0
2281901,160000.0
2281903,217500.0
2281904,125000.0
2281905,275000.0
2281906,160000.0
2281907,214000.0
2281918,227000.0
2281922,94000.0
2281924,380000.0
2281941,370000.0
2281942,840000.0
2281947,365000.0
2281948,117500.0
2281949,145500.0
2281950,72500.0
2281953,200000.0
2281954,469000.0
2281958,197500.0
2281964,105000.0
2281965,315000.0
2281968,400000.0
2281977,72500.0
2281978,180000.0
2281980,315000.0
2281989,140000.0
2281996,237500.0
2282001,230457.0
2282004,155000.0
2282011,84707.715
2282013,202500.0
2282014,110000.0
2282039,92437.5
2282040,300000.0
2282041,114000.0
2282050,91500.0
2282051,280000.0
2282052,122500.0
2282053,186500.0
2282055,44250.0
2282056,89950.0
2282057,295000.0
2282060,51800.0
2282065,410000.0
2282066,315000.0
2282067,80000.0
2282069,90000.0
2282071,73293.065
2282072,275000.0
2282077,112500.0
2282078,200000.0
2282079,209000.0
2282082,79750.0
2282083,430000.0
2282088,166500.0
2282092,72500.0
2282094,180000.0
2282095,540000.0
2282104,122500.0
2282108,200000.0
2282114,92500.0
2282115,229000.0
2282118,295000.0
2282122,360000.0
2282126,185000.0
2282137,400000.0
2282138,175500.0
2282141,440000.0
2282142,200000.0
2282143,185000.0
2282144,440000.0
2282145,369000.0
2282146,205500.0
2282147,122500.0
2282148,235000.0
2282154,57500.0
2282168,200000.0
2282172,92500.0
2282181,425000.0
2282182,520000.0
2282183,425000.0
2282184,315000.0
2282191,120000.0
2282193,79750.0
2282196,50500.0
2282197,50500.0
2282198,635000.0
2282199,382900.0
2282202,174500.0
2282204,155000.0
2282205,79750.0
2282206,131000.0
2282207,265000.0
2282217,425000.0
2282218,375000.0
2282219,106447.395
2282220,157500.0
2282229,375000.0
2282230,43000.0
2282232,112500.0
2282236,107500.0
2282238,101500.0
2282239,101500.0
2282240,187500.0
2282241,380000.0
2282242,107500.0
2282243,101500.0
2282244,97500.0
2282245,80250.0
2282247,83500.0
2282248,101500.0
2282249,187500.0
2282250,380000.0
2282251,180000.0
2282259,235000.0
2282260,365000.0
2282289,212500.0
2282291,502500.0
2282293,200000.0
2282294,185000.0
2282295,315000.0
2282296,252500.0
2282297,490000.0
2282298,135000.0
2282314,200000.0
2282322,132000.0
2282323,415000.0
2282324,440000.0
2282327,695000.0
2282329,83500.0
2282334,875000.0
2282347,215000.0
2282348,119000.0
2282350,83500.0
2282356,1187500.0
2282359,160000.0
2282360,365000.0
2282365,100000.0
2282367,380000.0
2282368,380000.0
2282369,137500.0
2282370,137500.0
2282375,200000.0
2282376,200000.0
2282377,192500.0
2282378,192500.0
2282379,181562.0
2282380,181562.0
2282385,105000.0
2282390,130000.0
2282391,103000.0
2282394,279500.0
2282398,425000.0
2282399,237500.0
2282406,237000.0
2282408,359500.0
2282412,362500.0
2282413,72500.0
2282415,235525.0
2282416,115000.0
2282417,137500.0
2282418,315000.0
2282422,97500.0
2282424,73000.0
2282426,144500.0
2282427,230000.0
2282428,115000.0
2282429,115000.0
2282430,115000.0
2282431,115000.0
2282432,115000.0
2282433,115000.0
2282434,86000.0
2282435,115000.0
2282436,115000.0
2282437,115000.0
2282438,86000.0
2282439,86000.0
2282440,115000.0
2282441,115000.0
2282442,86000.0
2282443,86000.0
2282444,115000.0
2282445,115000.0
2282446,115000.0
2282447,115000.0
2282448,86000.0
2282449,86000.0
2282450,115000.0
2282451,115000.0
2282452,115000.0
2282453,115000.0
2282454,86000.0
2282455,86000.0
2282456,115000.0
2282457,115000.0
2282458,115000.0
2282459,115000.0
2282460,86000.0
2282461,86000.0
2282462,115000.0
2282463,115000.0
2282464,115000.0
2282465,115000.0
2282466,86000.0
2282467,86000.0
2282469,115000.0
2282473,239500.0
2282474,134600.0
2282475,425000.0
2282481,95000.0
2282482,315000.0
2282483,142000.0
2282484,347500.0
2282487,145000.0
2282489,410000.0
2282498,365000.0
2282501,342500.0
2282505,168000.0
2282506,71500.0
2282507,380000.0
2282508,115000.0
2282509,100000.0
2282513,200000.0
2282518,520000.0
2282521,264000.0
2282523,380000.0
2282543,190897.26
2282544,250000.0
2282546,425000.0
2282547,162500.0
2282548,530000.0
2282549,177500.0
2282550,230000.0
2282551,360000.0
2282560,74450.0
2282563,410000.0
2282564,335000.0
2282568,242500.0
2282573,365000.0
2282574,147450.0
2282576,425000.0
2282581,113250.0
2282583,150921.0
2282584,200000.0
2282585,622500.0
2282592,217500.0
2282619,96681.22
2282620,437500.0
2282621,550000.0
2282622,75900.0
2282624,163000.0
2282626,152500.0
2282627,112500.0
2282636,187500.0
2282637,100500.0
2282640,289500.0
2282643,415000.0
2282647,930000.0
2282648,362500.0
2282650,425000.0
2282651,174500.0
2282652,399500.0
2282655,425000.0
2282656,340000.0
2282658,275000.0
2282661,200000.0
2282662,447500.0
2282671,104000.0
2282676,555000.0
2282687,482500.0
2282705,108000.0
2282708,200000.0
2282710,160000.0
2282711,84707.715
2282712,965000.0
2282717,375000.0
2282719,139000.0
2282720,167500.0
2282722,206500.0
2282729,185000.0
2282736,305000.0
2282737,147250.0
2282738,315000.0
2282740,163500.0
2282745,450000.0
2282746,340000.0
2282752,102500.0
2282754,360000.0
2282755,77500.0
2282757,315000.0
2282758,289000.0
2282759,174500.0
2282760,127500.0
2282763,425000.0
2282766,440000.0
2282768,315000.0
2282771,107500.0
2282776,113000.0
2282777,84500.0
2282778,84500.0
2282779,84500.0
2282783,212000.0
2282791,164500.0
2282792,230000.0
2282794,97500.0
2282802,204000.0
2282803,549000.0
2282811,302500.0
2282812,115000.0
2282814,220000.0
2282820,209000.0
2282827,130000.0
2282829,51500.0
2282830,47500.0
2282833,200000.0
2282834,192500.0
2282840,180000.0
2282841,225000.0
2282842,185000.0
2282843,155000.0
2282844,290000.0
2282845,72500.0
2282848,96500.0
2282850,475000.0
2282851,112500.0
2282852,110000.0
2282853,390000.0
2282854,195000.0
2282864,181562.0
2282865,181562.0
2282866,181562.0
2282867,96500.0
2282873,425000.0
2282882,61500.0
2282883,135000.0
2282886,152500.0
2282887,74500.0
2282888,61500.0
2282889,61500.0
2282891,449500.0
2282895,97500.0
2282897,200000.0
2282898,365000.0
2282899,137500.0
2282911,200000.0
2282916,287500.0
2282917,137500.0
2282919,300000.0
2282923,200000.0
2282926,207000.0
2282938,127000.0
2282946,132500.0
2282947,197000.0
2282949,74450.0
2282950,137500.0
2282951,118500.0
2282957,210000.0
2282958,67500.0
2282963,520000.0
2282964,63000.0
2282969,50000.0
2282972,324000.0
2282973,287500.0
2282975,85156.75
2282980,240000.0
2282982,200000.0
2282984,194850.0
2282985,194850.0
2282986,194850.0
2282987,198500.0
2282989,195156.75
2282991,315000.0
2282994,275000.0
2282995,200000.0
2282998,425000.0
2283000,47000.0
2283002,365000.0
2283003,520000.0
2283005,121384.19
2283008,365000.0
2283010,125000.0
2283011,76500.0
2283012,352500.0
2283013,360000.0
2283016,222500.0
2283017,192338.0
2283018,365000.0
2283020,116000.0
2283021,116000.0
2283023,347500.0
2283031,121500.0
2283032,425000.0
2283034,147500.0
2283039,219000.0
2283041,105000.0
2283043,135000.0
2283045,189000.0
2283048,500000.0
2283049,235000.0
2283050,237500.0
2283052,209500.0
2283054,79750.0
2283056,159500.0
2283059,295000.0
2283066,159000.0
2283069,375000.0
2283076,105000.0
2283079,425000.0
2283084,250000.0
2283101,291000.0
2283102,335000.0
2283105,230000.0
2283106,63000.0
2283107,160000.0
2283108,140000.0
2283109,127000.0
2283110,217500.0
2283116,126500.0
2283117,73000.0
2283121,135000.0
2283122,115000.0
2283127,170000.0
2283130,162500.0
2283131,175000.0
2283133,237500.0
2283136,83000.0
2283150,290000.0
2283160,92500.0
2283162,154000.0
2283165,79750.0
2283166,300000.0
2283171,572500.0
2283172,230000.0
2283181,274500.0
2283183,100500.0
2283184,100500.0
2283185,100500.0
2283186,91140.0
2283187,76734.61
2283188,91140.0
2283190,520000.0
2283195,209000.0
2283223,425000.0
2283224,150000.0
2283232,222500.0
2283237,435000.0
2283238,285000.0
2283239,140500.0
2283240,287500.0
2283241,250000.0
2283242,147500.0
2283243,165000.0
2283259,277500.0
2283275,140000.0
2283276,98803.585
2283282,380000.0
2283284,240000.0
2283285,245000.0
2283286,160000.0
2283287,123600.0
2283300,330000.0
2283301,485000.0
2283302,149500.0
2283303,77500.0
2283304,92500.0
2283306,310000.0
2283308,200000.0
2283309,157500.0
2283315,205000.0
2283316,125000.0
2283317,139000.0
2283326,160000.0
2283327,252500.0
2283329,192500.0
2283330,280000.0
2283331,159500.0
2283340,87500.0
2283341,87500.0
2283364,145000.0
2283374,84707.715
2283375,190000.0
2283376,99000.0
2283377,99000.0
2283378,99000.0
2283379,99000.0
2283380,365000.0
2283381,65000.0
2283382,207287.61
2283385,405000.0
2283386,207500.0
2283387,212532.0
2283391,61500.0
2283392,78000.0
2283393,78000.0
2283394,316250.0
2283395,219707.715
2283398,140000.0
2283399,200000.0
2283400,112500.0
2283401,237500.0
2283402,130000.0
2283404,85500.0
2283406,600000.0
2283407,350000.0
2283411,107615.46
2283413,69500.0
2283425,140000.0
2283431,237500.0
2283436,230000.0
2283447,82716.5
2283449,92500.0
2283451,145000.0
2283459,237500.0
2283464,410000.0
2283465,425000.0
2283472,267500.0
2283479,200000.0
2283482,72500.0
2283483,410000.0
2283487,57500.0
2283488,99000.0
2283489,360000.0
2283490,237500.0
2283493,425000.0
2283494,81500.0
2283495,295000.0
2283496,200000.0
2283497,422500.0
2283498,102500.0
2283499,61500.0
2283501,422500.0
2283502,84707.715
2283503,147500.0
2283504,245000.0
2283505,290000.0
2283506,140000.0
2283507,140000.0
2283508,197500.0
2283510,84707.715
2283512,84707.715
2283513,413450.0
2283514,205000.0
2283516,79750.0
2283517,93500.0
2283518,135000.0
2283519,117500.0
2283522,109000.0
2283523,315000.0
2283525,410000.0
2283526,84707.715
2283531,121500.0
2283532,305000.0
2283533,200000.0
2283535,78950.0
2283537,95000.0
2283538,70250.0
2283539,213500.0
2283540,340000.0
2283541,297500.0
2283550,91000.0
2283551,124500.0
2283553,95000.0
2283566,425000.0
2283570,125000.0
2283571,77000.0
2283574,207500.0
2283575,277500.0
2283577,64000.0
2283579,126000.0
2283584,250000.0
2283586,255000.0
2283587,212500.0
2283598,805000.0
2283600,71000.0
2283601,87500.0
2283602,232500.0
2283604,410000.0
2283605,282500.0
2283611,245000.0
2283614,177500.0
2283617,237500.0
2283620,135000.0
2283621,140000.0
2283622,77500.0
2283623,102500.0
2283624,138500.0
2283625,115000.0
2283626,275000.0
2283627,140000.0
2283628,135000.0
2283629,145000.0
2283630,227500.0
2283631,453500.0
2283632,96500.0
2283633,117500.0
2283634,84000.0
2283635,60000.0
2283636,97500.0
2283637,80000.0
2283638,80500.0
2283640,162500.0
2283644,85000.0
2283645,294000.0
2283647,172250.0
2283652,425000.0
2283653,475000.0
2283654,595000.0
2283656,80000.0
2283667,247500.0
2283669,192500.0
2283677,277500.0
2283678,245000.0
2283679,622500.0
2283688,58500.0
2283689,106500.0
2283693,96500.0
2283697,106500.0
2283699,402500.0
2283701,160000.0
2283705,425000.0
2283706,277500.0
2283708,265000.0
2283723,129500.0
2283735,63000.0
2283738,245000.0
2283739,140000.0
2283740,69000.0
2283744,212500.0
2283745,373500.0
2283746,425000.0
2283747,200000.0
2283749,605000.0
2283755,264000.0
2283757,240000.0
2283759,388199.555
2283760,280000.0
2283762,131500.0
2283764,110000.0
2283765,179500.0
2283766,140000.0
2283767,357500.0
2283768,113809.045
2283769,240000.0
2283770,66909.98
2283771,59150.0
2283774,187500.0
2283775,202500.0
2283776,73346.065
2283777,167500.0
2283778,46000.0
2283780,125450.0
2283781,104000.0
2283782,200250.0
2283784,395000.0
2283785,126500.0
2283786,117050.0
2283787,280000.0
2283789,422500.0
2283791,277000.0
2283792,260000.0
2283793,103000.0
2283794,395000.0
2283796,500000.0
2283797,107500.0
2283798,335000.0
2283799,64500.0
2283800,292500.0
2283801,51255.65
2283803,79500.0
2283806,234500.0
2283807,400000.0
2283809,123698.5
2283810,235000.0
2283811,69000.0
2283812,95000.0
2283813,78500.0
2283814,245000.0
2283815,182500.0
2283816,92500.0
2283818,127500.0
2283819,62500.0
2283820,173500.0
2283822,75000.0
2283826,260000.0
2283827,315000.0
2283828,377500.0
2283831,89015.0
2283832,448000.0
2283833,250000.0
2283835,59150.0
2283836,78500.0
2283837,112000.0
2283838,85000.0
2283839,175000.0
2283840,225000.0
2283841,92500.0
2283844,237500.0
2283846,111000.0
2283847,181000.0
2283848,380000.0
2283849,122500.0
2283850,207500.0
2283852,167500.0
2283853,112500.0
2283854,76125.0
2283855,90625.49
2283856,145000.0
2283857,405000.0
2283858,285000.0
2283860,65000.0
2283861,375000.0
2283862,687500.0
2283863,315000.0
2283864,115000.0
2283865,297500.0
2283866,227500.0
2283867,200000.0
2283868,140000.0
2283871,210000.0
2283872,350000.0
2283873,250000.0
2283874,130000.0
2283875,200000.0
2283876,352500.0
2283877,130000.0
2283878,109000.0
2283879,103250.0
2283880,135000.0
2283881,265000.0
2283883,48750.0
2283884,76500.0
2283885,81000.0
2283886,50000.0
2283887,55000.0
2283889,73500.0
2283890,115000.0
2283891,335000.0
2283892,285000.0
2283893,111300.075
2283894,400000.0
2283895,101000.0
2283897,200000.0
2283898,100000.0
2283899,164500.0
2283900,225000.0
2283901,292500.0
2283902,120000.0
2283904,94020.0
2283905,97500.0
2283906,220000.0
2283907,220000.0
2283908,425000.0
2283910,95000.0
2283911,170000.0
2283912,212500.0
2283913,196500.0
2283914,223688.405
2283917,235000.0
2283918,193500.0
2283919,585000.0
2283920,192500.0
2283921,252500.0
2283922,325000.0
2283923,292500.0
2283924,730000.0
2283925,375000.0
2283926,445000.0
2283928,215000.0
2283930,610000.0
2283931,500000.0
2283932,93500.0
2283933,330000.0
2283935,252000.0
2283936,97500.0
2283938,57207.715
2283939,490000.0
2283941,295000.0
2283944,255000.0
2283945,131500.0
2283946,110000.0
2283947,139000.0
2283948,135000.0
2283953,669500.0
2283954,64000.0
2283957,420000.0
2283961,299500.0
2283962,175000.0
2283964,115000.0
2283966,285000.0
2283967,205000.0
2283969,112500.0
2283976,142500.0
2283978,115000.0
2283979,167500.0
2283980,60500.0
2283981,232500.0
2283982,245000.0
2283983,200000.0
2283988,122500.0
2283989,118500.0
2283994,350000.0
2283995,400000.0
2284006,245000.0
2284017,245000.0
2284018,101500.0
2284019,280000.0
2284020,89000.0
2284021,130000.0
2284022,97500.0
2284023,126000.0
2284024,167500.0
2284025,190000.0
2284026,58250.0
2284027,40500.0
2284028,307500.0
2284029,350000.0
2284035,111500.0
2284036,245000.0
2284038,585000.0
2284041,62500.0
2284044,289000.0
2284045,202500.0
2284046,289000.0
2284047,200000.0
2284049,92500.0
2284050,84707.715
2284056,85000.0
2284057,84707.715
2284058,285000.0
2284063,465000.0
2284069,75000.0
2284070,69319.565
2284076,140000.0
2284077,130000.0
2284078,444500.0
2284079,106000.0
2284080,212000.0
2284081,229500.0
2284082,230000.0
2284083,89950.0
2284091,440000.0
2284092,400000.0
2284094,610000.0
2284095,130000.0
2284097,222500.0
2284098,160000.0
2284101,184000.0
2284102,255500.0
2284107,88500.0
2284108,237500.0
2284109,65000.0
2284110,52500.0
2284115,180000.0
2284116,337500.0
2284117,805000.0
2284125,374285.71
2284128,160000.0
2284129,315000.0
2284150,172500.0
2284151,151500.0
2284152,89000.0
2284153,225000.0
2284154,96000.0
2284155,134450.0
2284156,212500.0
2284161,440000.0
2284163,485000.0
2284165,132500.0
2284166,202500.0
2284167,200000.0
2284170,345000.0
2284171,315000.0
2284172,122500.0
2284173,610000.0
2284174,210000.0
2284175,365000.0
2284176,76000.0
2284177,73500.0
2284179,72500.0
2284181,352500.0
2284182,375000.0
2284184,450000.0
2284185,92500.0
2284187,200000.0
2284188,210000.0
2284189,272500.0
2284190,86000.0
2284191,200000.0
2284192,200000.0
2284193,200000.0
2284194,117500.0
2284195,425000.0
2284196,365000.0
2284197,200000.0
2284198,425000.0
2284199,425000.0
2284201,75000.0
2284202,125000.0
2284203,164500.0
2284204,219000.0
2284205,270000.0
2284206,180000.0
2284207,218000.0
2284209,125000.0
2284211,195000.0
2284212,417500.0
2284213,162500.0
2284215,400000.0
2284216,335000.0
2284217,272500.0
2284220,265000.0
2284227,240000.0
2284231,92500.0
2284242,175000.0
2284248,86000.0
2284249,294000.0
2284250,72500.0
2284254,329500.0
2284255,72500.0
2284256,365000.0
2284257,142500.0
2284259,135000.0
2284261,370000.0
2284267,237500.0
2284275,440000.0
2284281,425000.0
2284282,81500.0
2284284,177500.0
2284285,179500.0
2284286,425000.0
2284288,76750.0
2284293,255000.0
2284306,48000.0
2284307,98000.0
2284317,99206.5
2284330,137500.0
2284334,305000.0
2284335,264000.0
2284338,152500.0
2284339,89037.5
2284340,1100000.0
2284345,162500.0
2284346,237500.0
2284364,150500.0
2284366,315000.0
2284376,425000.0
2284408,79500.0
2284410,152500.0
2284415,579500.0
2284416,62303.79
2284419,232500.0
2284420,410000.0
2284447,247500.0
2284448,173529.0
2284459,163000.0
2284463,330000.0
2284464,310000.0
2284466,117500.0
2284474,350000.0
2284482,365000.0
2284483,63000.0
2284491,111500.0
2284507,375000.0
2284511,315000.0
2284512,350000.0
2284517,86000.0
2284519,125000.0
2284530,375000.0
2284550,240000.0
2284560,169091.78
2284565,340000.0
2284569,365000.0
2284570,240000.0
2284581,520000.0
2284583,315000.0
2284586,95000.0
2284588,105000.0
2284591,122500.0
2284595,375000.0
2284602,63000.0
2284603,375000.0
2284604,95000.0
2284605,340000.0
2284609,63000.0
2284610,235000.0
2284630,200000.0
2284631,260000.0
2284639,340000.0
2284640,415000.0
2284642,220000.0
2284646,315000.0
2284648,137500.0
2284649,360000.0
2284650,180000.0
2284651,290000.0
2284652,405000.0
2284654,790000.0
2284655,198500.0
2284656,102500.0
2284658,370000.0
2284659,180000.0
2284660,585000.0
2284698,97000.0
2284699,142500.0
2284700,128500.0
2284701,87806.5
2284702,362500.0
2284704,364000.0
2284706,94000.0
2284711,177500.0
2284713,550000.0
2284716,284500.0
2284728,105500.0
2284742,79000.0
2284745,59000.0
2284747,114500.0
2284748,264000.0
2284754,275000.0
2284757,210000.0
2284759,436000.0
2284777,140000.0
2284778,120000.0
2284792,87000.0
2284797,93420.0
2284799,417500.0
2284800,66500.0
2284802,115500.0
2284803,669500.0
2284810,84000.0
2284812,200000.0
2284813,415000.0
2284815,386000.0
2284836,302500.0
2284851,111500.0
2284853,192500.0
2284858,513541.01
2284862,180000.0
2284864,317500.0
2284865,182000.0
2284866,148450.0
2284867,147000.0
2284868,266500.0
2284869,317500.0
2284870,139696.77
2284871,350692.5
2284873,162500.0
2284880,187500.0
2284882,225000.0
2284884,136100.0
2284888,73500.0
2284901,112000.0
2284902,135000.0
2284903,180000.0
2284904,329500.0
2284905,221000.0
2284907,87000.0
2284922,149450.0
2284926,121500.0
2284927,107750.0
2284928,270000.0
2284936,150000.0
2284939,152500.0
2284941,126950.0
2284942,119899.5
2284943,79500.0
2284956,427500.0
2284963,550000.0
2284965,425000.0
2284966,75000.0
2284980,155111.905
2284989,325000.0
2284990,635000.0
2284991,110000.0
2284993,109000.0
2284994,112950.0
2284995,84500.0
2284996,520000.0
2284997,289500.0
2285003,60950.0
2285004,70000.0
2285006,195000.0
2285007,410000.0
2285012,284950.0
2285014,61500.0
2285018,187500.0
2285024,113800.0
2285027,88200.0
2285028,88200.0
2285029,119000.0
2285030,94250.0
2285036,229500.0
2285040,155000.0
2285053,140500.0
2285054,453125.0
2285056,205000.0
2285057,219000.0
2285058,750000.0
2285087,294500.0
2285097,138000.0
2285113,319000.0
2285117,70000.0
2285127,97500.0
2285131,189500.0
2285144,87500.0
2285145,327500.0
2285157,80000.0
2285159,275000.0
2285160,150000.0
2285162,260000.0
2285190,400000.0
2285194,96500.0
2285198,184336.5
2285199,239500.0
2285203,128500.0
2285207,163000.0
2285217,230000.0
2285254,179000.0
2285311,615000.0
2285312,104500.0
2285313,150000.0
2285317,280000.0
2285319,407500.0
2285324,152000.0
2285332,72500.0
2285333,97500.0
2285336,170000.0
2285339,65000.0
2285341,65000.0
2285351,137500.0
2285352,132500.0
2285356,85500.0
2285366,47000.0
2285374,495000.0
2285377,245156.75
2285379,412500.0
2285381,160000.0
2285388,229500.0
2285390,155500.0
2285392,155000.0
2285396,89500.0
2285397,982500.0
2285406,130000.0
2285410,669500.0
2285412,605000.0
2285414,350000.0
2285417,110000.0
2285419,67135.0
2285425,217250.0
2285427,140000.0
2285429,467500.0
2285433,70000.0
2285434,900000.0
2285436,120000.0
2285438,91000.0
2285461,195000.0
2285476,73900.0
2285479,91500.0
2285485,160000.0
2285493,236000.0
2285496,141500.0
2285498,237000.0
2285506,869000.0
2285516,104500.0
2285519,207000.0
2285520,172500.0
2285521,252500.0
2285522,285000.0
2285523,285000.0
2285524,249500.0
2285525,195000.0
2285526,170500.0
2285527,68500.0
2285528,420000.0
2285529,249500.0
2285530,145600.0
2285531,314150.0
2285532,167500.0
2285533,207500.0
2285534,122500.0
2285535,245000.0
2285536,245000.0
2285537,167500.0
2285538,172500.0
2285539,167500.0
2285540,167500.0
2285541,167500.0
2285542,95450.0
2285544,395000.0
2285545,85000.0
2285546,575000.0
2285547,215000.0
2285548,245000.0
2285549,395000.0
2285550,245000.0
2285551,240000.0
2285552,245000.0
2285553,212500.0
2285554,245000.0
2285555,95000.0
2285556,165000.0
2285558,245000.0
2285560,67750.0
2285561,107500.0
2285562,162500.0
2285563,45000.0
2285564,240000.0
2285565,167500.0
2285566,94020.0
2285567,245000.0
2285569,59750.0
2285570,395000.0
2285572,265000.0
2285573,217500.0
2285574,197500.0
2285575,140000.0
2285579,240000.0
2285580,122500.0
2285581,95000.0
2285582,142500.0
2285583,167500.0
2285584,75000.0
2285585,92500.0
2285587,110000.0
2285588,167500.0
2285589,350000.0
2285590,93500.0
2285591,191000.0
2285592,395000.0
2285594,265000.0
2285595,167500.0
2285596,595000.0
2285601,117610.0
2285608,178000.0
2285616,115500.0
2285617,89000.0
2285618,400500.0
2285623,322500.0
2285628,90000.0
2285633,87500.0
2285636,156000.0
2285641,136383.5
2285643,125000.0
2285644,90000.0
2285655,206500.0
2285662,157950.0
2285665,425000.0
2285666,245000.0
2285675,163500.0
2285680,153000.0
2285686,62500.0
2285687,150921.0
2285688,167000.0
2285690,198000.0
2285693,369000.0
2285698,51500.0
2285699,110000.0
2285700,382500.0
2285707,424500.0
2285708,57950.0
2285724,470000.0
2285725,175000.0
2285726,75500.0
2285731,480000.0
2285753,52500.0
2285754,164000.0
2285756,360000.0
2285757,171562.0
2285758,252000.0
2285759,114500.0
2285760,257000.0
2285800,177250.0
2285803,477500.0
2285808,141500.0
2285810,124750.0
2285812,99000.0
2285813,87000.0
2285818,265000.0
2285820,70000.0
2285833,88750.0
2285836,104500.0
2285839,70000.0
2285841,520000.0
2285842,168000.0
2285852,113000.0
2285861,31532.35
2285863,172000.0
2285868,72277.5
2285882,47000.0
2285884,214500.0
2285888,109700.0
2285894,47500.0
2285896,116442.0
2285897,385000.0
2285903,314500.0
2285905,130500.0
2285907,707500.0
2285908,116442.0
2285912,1264500.0
2285913,164939.0
2285915,388500.0
2285916,187708.0
2285919,80000.0
2285937,155000.0
2285940,165000.0
2285941,135000.0
2285949,125000.0
2285951,57300.0
2285956,206500.0
2285958,262500.0
2285959,135000.0
2285961,329500.0
2285964,1325000.0
2285965,317500.0
2285967,317500.0
2285975,269000.0
2285978,72500.0
2285986,188742.5
2285987,108500.0
2285989,660000.0
2285991,455000.0
2285994,101500.0
2286000,455000.0
2286001,260000.0
2286002,388500.0
2286004,206500.0
2286006,367500.0
2286010,130450.0
2286012,140500.0
2286015,105000.0
2286017,180000.0
2286022,224300.0
2286028,132000.0
2286034,159000.0
2286041,117000.0
2286043,131000.0
2286045,110000.0
2286047,110000.0
2286048,255500.0
2286049,105500.0
2286069,315000.0
2286071,152500.0
2286074,380000.0
2286076,523500.0
2286077,162500.0
2286123,335000.0
2286124,171000.0
2286127,129500.0
2286132,84500.0
2286135,128500.0
2286148,93000.0
2286152,173500.0
2286170,142500.0
2286171,97000.0
2286210,81500.0
2286211,81500.0
2286215,194000.0
2286216,189000.0
2286218,330000.0
2286223,165000.0
2286225,165000.0
2286227,299950.0
2286229,299950.0
2286231,204213.5
2286232,168500.0
2286233,204213.5
2286234,204213.5
2286235,299950.0
2286236,168500.0
2286273,315000.0
2286349,195000.0
2286363,127000.0
2286435,297000.0
2286447,600000.0
2286448,180000.0
2286449,141500.0
2286453,109500.0
2286454,100000.0
2286456,185000.0
2286458,200000.0
2286461,155000.0
2286468,65000.0
2286480,160000.0
2286507,405000.0
2286511,245000.0
2286518,580000.0
2286530,477500.0
2286534,375000.0
2286541,170000.0
2286550,183000.0
2286552,188500.0
2286553,257500.0
2286586,81000.0
2286669,276500.0
2286671,210000.0
2286681,552500.0
2286684,90000.0
2286753,176000.0
2286824,126000.0
2286826,1550000.0
2286840,90500.0
2286986,197500.0
2287015,293900.0
2287035,419000.0
2287058,144500.0
2287059,103500.0
2287070,149000.0
2287071,134500.0
2287072,103642.5
2287075,243750.0
2287380,94500.0
2287401,299250.0
2287402,110000.0
2287471,845000.0
2287491,950000.0
2287499,249000.0
2287529,107000.0
2287530,107000.0
2287665,260000.0
2287695,284500.0
2287700,895000.0
2287701,555000.0
2287752,139500.0
2287824,102000.0
2287830,1490000.0
2287837,309500.0
2287849,610000.0
2287994,190000.0
2288025,78500.0
2288134,404000.0
2288135,404000.0
2288406,217500.0
2288407,135000.0
2288473,160000.0
2288524,1010000.0
2288587,139500.0
2288608,240000.0
2288609,240000.0
2288667,107500.0
2288737,1000000.0
2288738,615000.0
2288739,555000.0
2288740,105050.0
2288742,256250.0
2288770,265000.0
2288806,740000.0
2288807,201224.395
2288808,201224.395
2288882,259273.0
2288935,292000.0
2288965,148050.0
2288966,138800.0
2288967,148050.0
2288974,83500.0
2288983,132500.0
2289076,620000.0
2289077,620000.0
2289078,620000.0
2289113,75000.0
2289116,210000.0
2289117,137500.0
2289118,209500.0
2289119,175000.0
2289120,90000.0
2289127,272500.0
2289131,117500.0
2289132,467500.0
2289133,104000.0
2289135,227500.0
2289137,182500.0
2289152,87900.0
2289153,232500.0
2289155,290000.0
2289157,153450.0
2289158,126000.0
2289159,126000.0
2289160,139073.46
2289161,1195000.0
2289162,610000.0
2289163,250000.0
2289164,107250.0
2289168,77000.0
2289169,64000.0
2289170,86000.0
2289175,370000.0
2289177,35000.0
2289180,410000.0
2289183,455000.0
2289184,190000.0
2289186,142500.0
2289187,73000.0
2289188,76335.545
2289190,150000.0
2289191,362500.0
2289194,1195000.0
2289211,100000.0
2289215,157500.0
2289219,194500.0
2289223,410000.0
2289224,103500.0
2289228,185000.0
2289246,165000.0
2289249,157500.0
2289260,138473.5
2289261,204000.0
2289264,139000.0
2289265,72500.0
2289266,98000.0
2289271,126950.0
2289272,203035.0
2289273,137500.0
2289278,510000.0
2289299,146139.5
2289308,89800.0
2289309,265000.0
2289312,241500.0
2289313,205000.0
2289314,146139.5
2289315,294000.0
2289316,251129.235
2289318,520000.0
2289324,775000.0
2289325,162950.0
2289328,206450.0
2289331,1325000.0
2289333,465000.0
2289335,230000.0
2289340,101500.0
2289347,85250.0
2289352,95000.0
2289363,187500.0
2289368,87778.27
2289372,189000.0
2289380,930000.0
2289381,209500.0
2289384,162500.0
2289392,99000.0
2289399,240000.0
2289415,309000.0
2289419,113000.0
2289423,86792.025
2289424,162000.0
2289425,162000.0
2289426,108850.0
2289429,162000.0
2289435,179500.0
2289436,179500.0
2289437,82652.93
2289438,202500.0
2289440,179500.0
2289450,136750.0
2289451,161500.0
2289452,349000.0
2289453,97500.0
2289457,180000.0
2289470,97500.0
2289471,97500.0
2289472,97500.0
2289473,97500.0
2289477,325000.0
2289479,325000.0
2289480,76500.0
2289486,915000.0
2289488,170000.0
2289493,242500.0
2289494,502500.0
2289495,182500.0
2289496,419000.0
2289498,550000.0
2289499,100000.0
2289500,237000.0
2289501,130000.0
2289502,182500.0
2289505,840000.0
2289506,125900.0
2289507,348500.0
2289508,605000.0
2289509,208000.0
2289510,395000.0
2289511,40000.0
2289512,950000.0
2289513,440000.0
2289514,95000.0
2289517,267500.0
2289518,163025.0
2289519,128500.0
2289521,765000.0
2289522,355000.0
2289523,112500.0
2289524,935000.0
2289525,177500.0
2289527,257500.0
2289529,250000.0
2289530,650000.0
2289531,102500.0
2289532,142846.855
2289533,142846.855
2289535,450000.0
2289536,1225000.0
2289543,102000.0
2289545,103000.0
2289546,92500.0
2289548,102000.0
2289575,215000.0
2289581,172500.0
2289582,156250.0
2289585,99000.0
2289586,154177.685
2289593,139800.0
2289594,287500.0
2289597,75000.0
2289613,116000.0
2289619,112500.0
2289620,133000.0
2289623,150500.0
2289624,252500.0
2289627,572500.0
2289628,260900.0
2289629,398000.0
2289630,389500.0
2289631,200000.0
2289634,130000.0
2289635,130000.0
2289636,440000.0
2289637,440000.0
2289640,160000.0
2289641,222000.0
2289651,122000.0
2289653,61500.0
2289654,129000.0
2289657,462500.0
2289660,247500.0
2289670,124000.0
2289672,81750.0
2289676,605000.0
2289681,107500.0
2289682,76046.55
2289683,179500.0
2289686,136000.0
2289693,315000.0
2289695,97000.0
2289696,126950.0
2289728,259500.0
2289736,127500.0
2289737,61000.0
2289738,165000.0
2289739,171500.0
2289742,80000.0
2289743,95000.0
2289744,92500.0
2289745,97500.0
2289751,357500.0
2289753,253500.0
2289790,202250.0
2289797,300000.0
2289799,305000.0
2289809,75000.0
2289822,120500.0
2289824,172500.0
2289829,197450.0
2289831,280000.0
2289838,235000.0
2289839,237500.0
2289842,317500.0
2289846,345000.0
2289848,106042.0
2289849,190900.0
2289850,227450.0
2289851,109921.5
2289852,179000.0
2289854,129500.0
2289856,103000.0
2289862,752500.0
2289866,460000.0
2289867,749680.5
2289883,177500.0
2289884,193500.0
2289890,107000.0
2289895,117500.0
2289899,457500.0
2289900,160000.0
2289905,232500.0
2289908,56000.0
2289918,122500.0
2289920,380000.0
2289934,477500.0
2289935,222500.0
2289959,124000.0
2289984,302500.0
2289999,122500.0
2290019,550000.0
2290020,140000.0
2290048,140000.0
2290051,123500.0
2290072,220000.0
2290079,187000.0
2290082,925000.0
2290101,91500.0
2290105,132500.0
2290107,107066.49
2290117,512500.0
2290126,152000.0
2290127,139450.0
2290157,113500.0
2290182,290000.0
2290185,290000.0
2290186,270000.0
2290194,126500.0
2290229,170000.0
2290230,550000.0
2290242,162500.0
2290243,170000.0
2290245,172500.0
2290251,246126.5
2290256,156500.0
2290258,350000.0
2290259,259500.0
2290260,283500.0
2290268,624400.0
2290272,170000.0
2290273,122500.0
2290277,135450.0
2290283,467000.0
2290285,226250.0
2290287,420500.0
2290293,167500.0
2290309,129450.0
2290314,344500.0
2290317,163450.0
2290322,525000.0
2290325,95000.0
2290326,377600.0
2290327,255000.0
2290328,296500.0
2290329,250000.0
2290337,84750.0
2290338,130000.0
2290347,112500.0
2290348,93750.0
2290349,88000.0
2290350,88000.0
2290351,88000.0
2290352,88000.0
2290353,93750.0
2290354,89500.0
2290355,89500.0
2290356,93750.0
2290357,88000.0
2290358,88000.0
2290359,88000.0
2290360,88000.0
2290361,93750.0
2290362,222500.0
2290363,89500.0
2290364,89500.0
2290365,89500.0
2290366,93750.0
2290367,88000.0
2290368,88000.0
2290369,93750.0
2290370,89500.0
2290371,89500.0
2290372,93750.0
2290373,88000.0
2290374,93750.0
2290375,89500.0
2290377,89500.0
2290378,89500.0
2290379,93750.0
2290380,88000.0
2290381,88000.0
2290382,88000.0
2290383,93750.0
2290384,89500.0
2290385,88000.0
2290386,88000.0
2290387,88000.0
2290388,88000.0
2290389,93750.0
2290390,89500.0
2290391,89500.0
2290392,89500.0
2290393,88000.0
2290394,88000.0
2290395,88000.0
2290396,240000.0
2290397,89500.0
2290410,307500.0
2290413,392500.0
2290414,154500.0
2290415,139000.0
2290419,270000.0
2290423,113500.0
2290424,140000.0
2290433,129450.0
2290434,126500.0
2290440,244000.0
2290441,119750.0
2290443,103750.0
2290447,281000.0
2290461,173490.0
2290463,146500.0
2290465,447500.0
2290468,72500.0
2290469,302500.0
2290470,965000.0
2290498,116450.0
2290500,425000.0
2290503,150500.0
2290577,284500.0
2290578,71500.0
2290583,110000.0
2290591,114000.0
2290593,580000.0
2290594,174000.0
2290595,114500.0
2290596,309000.0
2290599,237500.0
2290600,118000.0
2290602,569000.0
2290603,179000.0
2290606,415000.0
2290607,182000.0
2290611,162500.0
2290616,117500.0
2290618,735000.0
2290620,365000.0
2290634,322500.0
2290636,170000.0
2290637,1010000.0
2290638,114000.0
2290639,115000.0
2290640,87381.0
2290641,131500.0
2290642,78500.0
2290644,280000.0
2290646,124500.0
2290648,47450.0
2290650,238500.0
2290652,238500.0
2290653,122129.0
2290654,117500.0
2290655,359000.0
2290657,117500.0
2290665,1095000.0
2290668,312500.0
2290670,437490.115
2290671,147500.0
2290672,280000.0
2290675,173500.0
2290679,219905.0
2290693,514750.0
2290694,315000.0
2290697,332250.0
2290702,290000.0
2290708,135000.0
2290709,135000.0
2290710,135000.0
2290711,95000.0
2290725,367500.0
2290735,137500.0
2290737,355000.0
2290739,297500.0
2290743,230000.0
2290746,180000.0
2290748,108000.0
2290758,255000.0
2290764,156500.0
2290765,190000.0
2290769,159900.0
2290773,720000.0
2290777,159900.0
2290786,509500.0
2290790,150000.0
2290794,383500.0
2290799,195000.0
2290808,127500.0
2290813,99000.0
2290815,610000.0
2290817,290000.0
2290819,123150.0
2290820,490000.0
2290821,87500.0
2290827,310000.0
2290828,295000.0
2290844,83500.0
2290949,75450.0
2290961,242500.0
2290977,149500.0
2290983,352500.0
2290991,114000.0
2290998,96250.0
2290999,180000.0
2291005,300000.0
2291007,1250000.0
2291011,130150.0
2291013,295000.0
2291018,270000.0
2291022,115000.0
2291035,195000.0
2291039,265000.0
2291040,405000.0
2291051,155000.0
2291053,95000.0
2291066,260000.0
2291099,115000.0
2291103,82000.0
2291104,115000.0
2291105,115000.0
2291111,136500.0
2291133,107500.0
2291158,78500.0
2291161,89000.0
2291189,117000.0
2291195,134500.0
2291205,115000.0
2291211,145000.0
2291220,145000.0
2291224,340000.0
2291229,163000.0
2291240,122500.0
2291252,145000.0
2291257,111000.0
2291260,174500.0
2291267,81750.0
2291270,81750.0
2291285,170000.0
2291291,123000.0
2291292,170000.0
2291295,515000.0
2291298,122500.0
2291299,112938.5
2291303,257000.0
2291305,112938.5
2291306,112938.5
2291307,112938.5
2291309,84500.0
2291315,177000.0
2291322,117500.0
2291328,254500.0
2291329,345000.0
2291332,73500.0
2291334,125000.0
2291335,191500.0
2291336,125000.0
2291337,191500.0
2291338,125000.0
2291339,191500.0
2291340,125000.0
2291341,191500.0
2291343,191500.0
2291344,125000.0
2291345,191500.0
2291349,195000.0
2291356,113750.0
2291361,257000.0
2291366,271000.0
2291368,155000.0
2291373,271000.0
2291377,275000.0
2291378,68000.0
2291386,237500.0
2291398,310000.0
2291403,340000.0
2291405,220000.0
2291407,151000.0
2291408,185000.0
2291412,114787.61
2291413,124000.0
2291415,257500.0
2291425,95000.0
2291426,95000.0
2291427,95000.0
2291428,95000.0
2291430,95000.0
2291431,95000.0
2291432,95000.0
2291486,228500.0
2291487,100500.0
2291490,95000.0
2291491,550000.0
2291513,77000.0
2291523,115000.0
2291526,89000.0
2291538,169805.0
2291541,138500.0
2291550,77500.0
2291556,238000.0
2291561,209000.0
2291568,227500.0
2291580,289200.0
2291602,125000.0
2291608,732500.0
2291609,67500.0
2291649,207500.0
2291650,71500.0
2291691,267883.58
2291742,167325.0
2291748,112000.0
2291757,154500.0
2291759,89500.0
2291773,110000.0
2291793,126000.0
2291801,82500.0
2291810,113400.0
2291834,122500.0
2291990,89000.0
2291994,382499.5
2292006,161500.0
2292007,242500.0
2292020,197500.0
2292027,197500.0
2292028,131500.0
2292032,225000.0
2292052,136000.0
2292056,197500.0
2292057,312500.0
2292058,54000.0
2292060,114000.0
2292121,352500.0
2292129,67000.0
2292140,121500.0
2292141,76500.0
2292146,76500.0
2292147,100000.0
2292175,148050.0
2292177,115000.0
2292178,76500.0
2292183,259000.0
2292193,76500.0
2292200,65587.53
2292208,65587.53
2292218,247500.0
2292228,59884.22
2292230,59000.0
2292233,165000.0
2292234,59884.22
2292238,126500.0
2292244,170000.0
2292248,87500.0
2292251,59000.0
2292276,82000.0
2292279,238471.105
2292284,302500.0
2292285,374500.0
2292290,620000.0
2292291,220000.0
2292295,620000.0
2292298,620000.0
2292300,100000.0
2292301,100000.0
2292303,193055.72
2292305,255000.0
2292310,110000.0
2292313,102500.0
2292316,134000.0
2292319,185000.0
2292322,185000.0
2292332,132500.0
2292341,77500.0
2292347,219750.0
2292353,97500.0
2292359,264500.0
2292364,115000.0
2292366,267500.0
2292370,125042.295
2292371,219750.0
2292377,220000.0
2292378,220000.0
2292389,154000.0
2292390,172500.0
2292391,247500.0
2292392,154000.0
2292393,134250.0
2292394,172500.0
2292395,154000.0
2292396,134250.0
2292397,157000.0
2292398,172500.0
2292400,154000.0
2292405,134250.0
2292406,157000.0
2292407,172500.0
2292408,247500.0
2292409,154000.0
2292410,134250.0
2292411,157000.0
2292412,247500.0
2292413,154000.0
2292414,134250.0
2292415,157000.0
2292416,172500.0
2292417,247500.0
2292418,154000.0
2292419,134250.0
2292420,172500.0
2292421,157000.0
2292422,247500.0
2292423,154000.0
2292424,134250.0
2292425,157000.0
2292426,307500.0
2292427,154000.0
2292428,134250.0
2292429,157000.0
2292434,360000.0
2292436,790000.0
2292438,190528.5
2292441,151000.0
2292454,565000.0
2292455,322500.0
2292456,174150.0
2292458,76250.0
2292462,327500.0
2292470,79750.0
2292473,105000.0
2292477,62250.0
2292480,220000.0
2292495,265000.0
2292499,72000.0
2292508,495000.0
2292512,97500.0
2292517,75750.0
2292518,280000.0
2292519,307500.0
2292522,115000.0
2292525,92500.0
2292589,142000.0
2292597,146450.0
2292602,257500.0
2292605,239500.0
2292609,239500.0
2292630,485000.0
2292642,307500.0
2292664,590000.0
2292665,219000.0
2292668,127500.0
2292674,310000.0
2292677,138000.0
2292700,290000.0
2292704,310000.0
2292705,80000.0
2292709,280000.0
2292711,157500.0
2292713,157500.0
2292720,750000.0
2292722,137449.515
2292726,425000.0
2292729,210000.0
2292731,96500.0
2292732,222000.0
2292734,162500.0
2292737,111000.0
2292738,207000.0
2292755,131000.0
2292757,147500.0
2292761,113000.0
2292780,389000.0
2292782,103750.0
2292805,379500.0
2292818,1225000.0
2292820,1330000.0
2292822,547000.0
2292832,642500.0
2292834,830000.0
2292850,59884.22
2292855,59884.22
2292859,59884.22
2292877,550000.0
2292882,92500.0
2292886,79000.0
2292889,195000.0
2292899,112500.0
2292910,370000.0
2292920,102000.0
2292933,193000.0
2292940,1250000.0
2292948,120075.0
2292962,99750.0
2292999,84707.715
2293004,215000.0
2293007,104400.0
2293049,170000.0
2293052,179500.0
2293055,170000.0
2293062,36000.0
2293089,582500.0
2293101,625000.0
2293105,142000.0
2293119,329500.0
2293121,189000.0
2293122,78000.0
2293158,69000.0
2293160,144770.0
2293166,125000.0
2293167,500000.0
2293172,118500.0
2293177,57000.0
2293180,70000.0
2293181,73700.0
2293186,437500.0
2293187,115843.335
2293188,106000.0
2293196,137500.0
2293197,137500.0
2293198,137500.0
2293200,122000.0
2293213,114000.0
2293217,120750.0
2293221,720000.0
2293222,720000.0
2293223,720000.0
2293227,255500.0
2293228,250000.0
2293229,720000.0
2293230,720000.0
2293231,720000.0
2293233,99000.0
2293335,212500.0
2293336,212500.0
2293337,212500.0
2293338,212500.0
2293339,212500.0
2293340,212500.0
2293341,237600.0
2293342,237600.0
2293343,237600.0
2293344,237600.0
2293345,237600.0
2293346,237600.0
2293347,237600.0
2293348,237600.0
2293349,135000.0
2293350,135000.0
2293351,135000.0
2293352,135000.0
2293353,135000.0
2293354,135000.0
2293355,135000.0
2293356,135000.0
2293357,157500.0
2293358,157500.0
2293359,157500.0
2293360,157500.0
2293361,118500.0
2293362,157500.0
2293364,157500.0
2293365,157500.0
2293366,116303.36
2293367,116303.36
2293368,116303.36
2293369,116303.36
2293371,116303.36
2293372,141621.52
2293374,141621.52
2293375,141621.52
2293376,141621.52
2293377,141621.52
2293379,143000.0
2293454,430000.0
2293455,350000.0
2293511,115000.0
2293518,146450.0
2293519,146450.0
2293520,146450.0
2293525,435000.0
2293544,69000.0
2293557,105000.0
2293561,69000.0
2293564,115000.0
2293565,330000.0
2293615,77500.0
2293625,187500.0
2293632,1055000.0
2293633,280000.0
2293634,262500.0
2293640,195000.0
2293651,218000.0
2293654,88450.0
2293657,64950.0
2293662,122500.0
2293701,104000.0
2293755,372500.0
2293758,324000.0
2293762,300000.0
2293764,83500.0
2293765,635000.0
2293769,497500.0
2293771,157000.0
2293772,163000.0
2293773,1080000.0
2293799,62250.0
2293807,112500.0
2293816,1195000.0
2293818,565000.0
2293819,925000.0
2293820,327500.0
2293822,91950.0
2293832,495000.0
2293837,95000.0
2293863,225000.0
2293866,420000.0
2293887,260000.0
2293889,161500.0
2293892,324500.0
2293895,140000.0
2293896,93000.0
2293900,90000.0
2293906,233500.0
2293912,112000.0
2293922,300000.0
2293924,147500.0
2293936,92000.0
2293937,259000.0
2293940,100000.0
2293948,96818.165
2293952,1325000.0
2293954,387500.0
2293959,161500.0
2293960,192500.0
2293961,136750.0
2293963,86500.0
2293964,86500.0
2293965,140000.0
2293966,92784.0
2293967,110000.0
2293968,182500.0
2293973,202500.0
2293976,91000.0
2293979,1325000.0
2293981,200750.0
2293984,267500.0
2293986,212500.0
2293992,135000.0
2294002,105000.0
2294011,755000.0
2294012,92250.0
2294014,187500.0
2294018,345000.0
2294024,171500.0
2294027,157500.0
2294034,151500.0
2294035,155000.0
2294037,80570.0
2294058,520000.0
2294073,530000.0
2294076,141000.0
2294081,92000.0
2294084,100000.0
2294088,188500.0
2294092,132325.0
2294093,191000.0
2294094,191000.0
2294095,132325.0
2294096,191000.0
2294097,191000.0
2294098,132325.0
2294099,132325.0
2294100,132325.0
2294101,191000.0
2294102,191000.0
2294103,132325.0
2294104,132325.0
2294105,132325.0
2294106,191000.0
2294107,191000.0
2294108,132325.0
2294109,132325.0
2294110,132325.0
2294111,132325.0
2294112,132325.0
2294113,132325.0
2294114,191000.0
2294115,191000.0
2294116,132325.0
2294117,132325.0
2294118,132325.0
2294119,191000.0
2294120,149000.0
2294121,388375.0
2294122,388375.0
2294123,388375.0
2294125,132325.0
2294126,132325.0
2294127,132325.0
2294128,132325.0
2294129,191000.0
2294130,132325.0
2294131,132325.0
2294132,132325.0
2294133,191000.0
2294134,191000.0
2294135,132325.0
2294136,132325.0
2294137,191000.0
2294138,191000.0
2294139,132325.0
2294140,132325.0
2294141,132325.0
2294142,132325.0
2294143,450000.0
2294144,485000.0
2294146,230000.0
2294147,132325.0
2294148,132325.0
2294149,132325.0
2294150,132325.0
2294151,405000.0
2294152,405000.0
2294154,100000.0
2294155,550000.0
2294156,280000.0
2294157,180000.0
2294158,81000.0
2294159,81000.0
2294161,295000.0
2294162,97500.0
2294163,80000.0
2294164,80000.0
2294165,80000.0
2294166,80000.0
2294167,80000.0
2294168,244000.0
2294169,147500.0
2294170,254250.0
2294171,425000.0
2294173,175559.5
2294174,227500.0
2294175,235000.0
2294180,108568.335
2294181,108568.335
2294182,108568.335
2294183,108568.335
2294184,108568.335
2294185,108568.335
2294186,108568.335
2294187,108568.335
2294188,108568.335
2294189,108568.335
2294190,182500.0
2294191,575000.0
2294192,108568.335
2294193,108568.335
2294194,108568.335
2294195,108568.335
2294196,108568.335
2294197,108568.335
2294198,108568.335
2294199,108568.335
2294200,108568.335
2294201,108568.335
2294202,108568.335
2294203,108568.335
2294204,305000.0
2294205,303000.0
2294206,625000.0
2294207,240000.0
2294209,495000.0
2294210,182500.0
2294217,68550.0
2294218,82500.0
2294219,230000.0
2294220,230000.0
2294221,211500.0
2294222,195000.0
2294223,317500.0
2294224,317500.0
2294226,108771.5
2294227,400000.0
2294228,355000.0
2294230,152500.0
2294231,175000.0
2294232,405000.0
2294237,278500.0
2294241,435000.0
2294242,94500.0
2294243,1295000.0
2294244,382499.5
2294245,282500.0
2294246,520000.0
2294247,185000.0
2294248,265000.0
2294250,245000.0
2294252,252000.0
2294254,495000.0
2294258,550000.0
2294265,134500.0
2294274,350000.0
2294297,391070.8
2294316,116500.0
2294317,185000.0
2294318,81569.22
2294319,129000.0
2294320,74950.0
2294321,87000.0
2294322,264500.0
2294323,75400.0
2294334,165500.0
2294336,182500.0
2294341,195000.0
2294342,100696.5
2294343,100696.5
2294344,79821.0
2294345,178882.0
2294346,129000.0
2294347,100696.5
2294348,100696.5
2294371,900000.0
2294373,122500.0
2294374,250000.0
2294375,250000.0
2294376,453000.0
2294378,77500.0
2294380,117000.0
2294386,262500.0
2294389,105000.0
2294391,205000.0
2294403,122500.0
2294405,227500.0
2294410,97500.0
2294421,100000.0
2294423,55000.0
2294427,41500.0
2294435,232500.0
2294450,182000.0
2294451,140000.0
2294452,703586.0
2294455,300000.0
2294456,365000.0
2294457,122000.0
2294459,307500.0
2294475,139750.0
2294476,139000.0
2294478,77500.0
2294483,157750.0
2294484,58500.0
2294485,208500.0
2294486,118500.0
2294489,162317.95
2294492,272500.0
2294501,140000.0
2294503,217500.0
2294510,184500.0
2294514,81250.0
2294516,389500.0
2294517,67000.0
2294518,127500.0
2294519,256500.0
2294521,381000.0
2294544,152000.0
2294546,157500.0
2294547,92500.0
2294561,625000.0
2294562,211500.0
2294590,266500.0
2294592,184500.0
2294593,78266.175
2294600,555000.0
2294602,285000.0
2294603,96023.0
2294604,96023.0
2294605,124820.0
2294606,124820.0
2294607,174000.0
2294608,215000.0
2294609,449500.0
2294610,245000.0
2294611,79750.0
2294625,129500.0
2294627,85000.0
2294658,307500.0
2294664,261000.0
2294665,249000.0
2294666,157500.0
2294667,109000.0
2294668,350000.0
2294669,109000.0
2294670,395000.0
2294671,91500.0
2294672,149000.0
2294673,168397.26
2294675,104500.0
2294676,245000.0
2294793,160000.0
2294806,257500.0
2294807,74500.0
2294808,405780.345
2294810,269000.0
2294811,165000.0
2294812,572500.0
2294813,464500.0
2294814,347500.0
2294820,141000.0
2294824,81500.0
2294825,765000.0
2294827,164500.0
2294828,151950.0
2294834,335000.0
2294842,83000.0
2294850,82500.0
2294851,174500.0
2294867,127000.0
2294869,157500.0
2294871,282500.0
2294884,89000.0
2294886,80000.0
2294887,87000.0
2294888,61500.0
2294889,171000.0
2294890,420000.0
2294891,498000.0
2294893,250000.0
2294896,161000.0
2294901,245000.0
2294903,292500.0
2294905,137500.0
2294906,680000.0
2294907,100850.0
2294917,245000.0
2294932,116500.0
2294935,885000.0
2294941,74750.0
2294942,103500.0
2294946,77500.0
2294949,160000.0
2294950,127500.0
2294951,81750.0
2294953,102500.0
2294955,73000.0
2294957,335000.0
2294958,185000.0
2294960,307500.0
2294963,286500.0
2294969,78000.0
2294970,134750.0
2294973,285000.0
2294974,217500.0
2294975,307500.0
2294977,145000.0
2294978,472500.0
2294980,126500.0
2294981,100500.0
2294987,153500.0
2294990,669500.0
2294993,470000.0
2294994,265000.0
2294995,520000.0
2294996,199000.0
2295014,225000.0
2295018,80000.0
2295019,307000.0
2295021,161500.0
2295031,273500.0
2295034,332250.0
2295036,174000.0
2295037,134000.0
2295038,91500.0
2295039,134000.0
2295040,87750.0
2295043,87750.0
2295046,280000.0
2295047,70250.0
2295048,64500.0
2295050,82500.0
2295052,79000.0
2295053,86500.0
2295054,134000.0
2295056,104500.0
2295059,86500.0
2295060,322500.0
2295061,342500.0
2295062,108750.0
2295069,101584.295
2295074,185000.0
2295182,88000.0
2295197,255000.0
2295200,77000.0
2295205,77000.0
2295209,150900.0
2295212,176300.0
2295214,265000.0
2295215,191500.0
2295220,195000.0
2295233,172000.0
2295242,142750.0
2295247,142750.0
2295250,83750.0
2295252,83750.0
2295253,83750.0
2295255,247500.0
2295257,122500.0
2295259,205000.0
2295271,84500.0
2295275,89500.0
2295277,244500.0
2295279,179000.0
2295283,395000.0
2295286,148500.0
2295287,92400.0
2295289,220000.0
2295298,248950.0
2295331,100000.0
2295339,154500.0
2295344,402500.0
2295376,97500.0
2295432,1085000.0
2295440,430000.0
2295458,252500.0
2295468,525000.0
2295469,166500.0
2295470,53500.0
2295474,72000.0
2295476,265000.0
2295477,186500.0
2295479,152500.0
2295480,150000.0
2295495,157500.0
2295502,127500.0
2295513,340000.0
2295514,187500.0
2295518,119000.0
2295567,85000.0
2295579,104000.0
2295586,147500.0
2295601,280000.0
2295604,107500.0
2295658,111920.895
2295680,532000.0
2295686,73600.0
2295693,240000.0
2295694,160897.26
2295699,314500.0
2295775,502000.0
2295777,255500.0
2295778,147450.0
2295791,152000.0
2295798,374500.0
2295799,206500.0
2295812,145000.0
2295814,120000.0
2295817,400000.0
2295819,279500.0
2295821,132900.0
2295826,165000.0
2295832,155000.0
2295872,425000.0
2295883,110852.0
2295889,87000.0
2295901,129000.0
2295903,272500.0
2295907,71500.0
2295908,102450.0
2295915,335000.0
2295926,159000.0
2295930,150000.0
2295934,600000.0
2295942,116250.0
2295943,224500.0
2295946,103000.0
2295947,58500.0
2295950,226000.0
2295951,189000.0
2295953,259000.0
2295955,77500.0
2295968,152000.0
2295972,105000.0
2295973,292500.0
2295976,107750.0
2295980,510000.0
2295981,102500.0
2295986,86900.0
2296008,262000.0
2296010,259500.0
2296028,135000.0
2296030,185000.0
2296034,68500.0
2296068,114000.0
2296097,89500.0
2296128,149000.0
2296130,154950.0
2296147,179000.0
2296148,295000.0
2296149,301500.0
2296151,250000.0
2296163,225000.0
2296165,385000.0
2296167,595000.0
2296168,64000.0
2296173,915000.0
2296177,146000.0
2296196,86000.0
2296198,250200.0
2296202,250200.0
2296203,254500.0
2296205,165000.0
2296212,405000.0
2296216,160525.0
2296233,158000.0
2296239,377500.0
2296241,127500.0
2296243,340000.0
2296245,262500.0
2296249,240000.0
2296260,51255.65
2296265,106500.0
2296267,62250.0
2296318,78634.695
2296321,192500.0
2296322,157500.0
2296324,192500.0
2296325,78568.0
2296330,121500.0
2296339,270000.0
2296342,152500.0
2296343,437500.0
2296346,108500.0
2296353,116500.0
2296386,245000.0
2296438,237500.0
2296470,500000.0
2296552,88450.0
2296553,74500.0
2296561,186600.0
2296564,673500.0
2296584,102500.0
2296587,590000.0
2296616,72250.0
2296618,160000.0
2296623,201601.0
2296626,257500.0
2296643,500000.0
2296646,177500.0
2296647,130000.0
2296652,610000.0
2296657,106500.0
2296666,210000.0
2296670,72000.0
2296674,80000.0
2296690,257000.0
2296704,84500.0
2296706,157000.0
2296709,77000.0
2296711,420000.0
2296717,157000.0
2296719,145816.22
2296720,227500.0
2296721,77000.0
2296727,737500.0
2296746,81250.0
2296748,81250.0
2296749,112500.0
2296752,92750.0
2296754,135500.0
2296755,335192.5
2296757,112500.0
2296758,81250.0
2296761,81250.0
2296762,92750.0
2296763,77500.0
2296764,77500.0
2296768,92750.0
2296770,81250.0
2296773,92750.0
2296776,92750.0
2296777,92750.0
2296784,162500.0
2296785,90000.0
2296845,353000.0
2296846,282500.0
2296847,197500.0
2296848,322500.0
2296849,353000.0
2296850,159999.5
2296852,275000.0
2296857,1030000.0
2296861,252500.0
2296862,80000.0
2296863,434000.0
2296865,326500.0
2296867,390000.0
2296870,84650.0
2296872,200000.0
2296890,270000.0
2296909,113000.0
2296910,180000.0
2296922,200000.0
2296932,77966.76
2296933,77966.76
2296934,91500.0
2296935,77966.76
2296936,70000.0
2296937,77966.76
2296938,82750.0
2296941,77966.76
2296942,77966.76
2296943,91500.0
2296944,105000.0
2296945,77966.76
2296946,70000.0
2296947,77966.76
2296949,95000.0
2296950,98508.275
2296953,91500.0
2296954,105000.0
2296955,77966.76
2296956,70000.0
2296957,77966.76
2296958,82750.0
2296959,95000.0
2296960,98508.275
2296961,139000.0
2296962,77966.76
2296963,160000.0
2296964,154500.0
2296965,75900.0
2296966,70079.74
2296967,150000.0
2296968,61500.0
2296969,47500.0
2296970,154500.0
2296971,144000.0
2296972,75900.0
2296973,70079.74
2296974,99500.0
2296975,61500.0
2296976,47500.0
2296977,154500.0
2296978,144000.0
2296979,75900.0
2296980,70079.74
2296981,99500.0
2296982,177677.5
2296983,148050.0
2296984,177677.5
2296985,77966.76
2296986,175000.0
2296987,79000.0
2296988,340000.0
2296989,102250.0
2296990,77966.76
2296991,120000.0
2296992,102250.0
2296993,77966.76
2296994,229500.0
2296999,123000.0
2297000,130000.0
2297005,107500.0
2297016,260000.0
2297020,142500.0
2297021,590000.0
2297023,64249.5
2297030,190000.0
2297033,550000.0
2297052,87500.0
2297060,68548.5
2297063,140200.0
2297068,305000.0
2297069,117375.84
2297076,300397.18
2297080,115000.0
2297082,223500.0
2297085,129759.305
2297087,88000.0
2297090,475000.0
2297098,114000.0
2297122,53000.0
2297125,106000.0
2297129,215000.0
2297134,100000.0
2297135,357000.0
2297137,160000.0
2297142,80250.0
2297152,99250.0
2297155,240000.0
2297156,312500.0
2297159,327500.0
2297162,165500.0
2297187,262000.0
2297188,114000.0
2297226,107500.0
2297229,111138.5
2297237,98500.0
2297238,237500.0
2297251,146000.0
2297252,522500.0
2297258,87500.0
2297280,580000.0
2297283,295000.0
2297304,239000.0
2297311,94700.0
2297313,205000.0
2297334,785000.0
2297343,305000.0
2297353,580000.0
2297357,325000.0
2297359,167500.0
2297366,238000.0
2297368,82403.0
2297376,72000.0
2297398,156500.0
2297401,570000.0
2297407,193500.0
2297408,392500.0
2297423,320000.0
2297445,129000.0
2297451,107500.0
2297454,120000.0
2297461,226500.0
2297462,102500.0
2297465,86500.0
2297560,122500.0
2297575,260000.0
2297585,165000.0
2297618,362500.0
2297632,75000.0
2297636,222500.0
2297638,245000.0
2297639,245000.0
2297640,362500.0
2297641,245000.0
2297642,362500.0
2297643,245000.0
2297644,245000.0
2297645,362500.0
2297646,245000.0
2297679,142000.0
2297682,142000.0
2297684,357500.0
2297740,108856.29
2297747,108856.29
2297748,63500.0
2297750,108856.29
2297757,525000.0
2297758,470000.0
2297760,107500.0
2297767,650000.0
2297784,106600.0
2297785,241726.62
2297830,85000.0
2297831,67500.0
2297875,124750.0
2297876,138076.405
2297882,85000.0
2297885,165000.0
2297886,135500.0
2297887,135500.0
2297889,119500.0
2297896,160000.0
2297902,204000.0
2297904,131500.0
2297906,131500.0
2297907,67500.0
2297913,207500.0
2297915,915000.0
2297930,88700.0
2297944,279500.0
2297949,915000.0
2297973,85229.155
2298056,158000.0
2298076,138500.0
2298100,138500.0
2298127,149750.0
2298146,140000.0
2298147,340000.0
2298149,67500.0
2298151,76851.525
2298152,147500.0
2298160,270000.0
2298163,61000.0
2298165,180000.0
2298172,263500.0
2298183,192500.0
2298188,1264500.0
2298190,175000.0
2298194,220000.0
2298201,197500.0
2298202,108500.0
2298257,207500.0
2298259,1175000.0
2298265,84000.0
2298270,372500.0
2298277,630000.0
2298278,325000.0
2298285,312500.0
2298292,71750.0
2298307,77500.0
2298320,200000.0
2298332,135500.0
2298334,289500.0
2298338,1590000.0
2298339,144500.0
2298342,166000.0
2298343,188500.0
2298346,500000.0
2298348,1590000.0
2298361,76000.0
2298363,127000.0
2298364,232500.0
2298370,322500.0
2298373,230000.0
2298377,185000.0
2298378,136750.0
2298382,161500.0
2298385,467500.0
2298390,324500.0
2298402,133500.0
2298406,215000.0
2298413,96500.0
2298415,98000.0
2298428,72500.0
2298435,161500.0
2298442,279027.255
2298446,154932.66
2298447,154932.66
2298448,180906.25
2298450,154932.66
2298451,154932.66
2298453,180906.25
2298454,162949.515
2298456,154932.66
2298457,279027.255
2298458,279027.255
2298459,154932.66
2298460,154932.66
2298469,242750.0
2298470,251597.46
2298478,296868.745
2298480,68500.0
2298486,85750.0
2298513,115000.0
2298520,122000.0
2298521,172500.0
2298522,212500.0
2298535,150000.0
2298545,181715.48
2298546,322500.0
2298547,650000.0
2298548,177500.0
2298553,250000.0
2298554,322500.0
2298555,115000.0
2298594,232500.0
2298599,660000.0
2298600,229000.0
2298613,141950.0
2298616,562500.0
2298618,103000.0
2298620,515000.0
2298623,132500.0
2298628,301500.0
2298629,77000.0
2298630,372500.0
2298631,121000.0
2298634,92950.0
2298636,245000.0
2298639,380000.0
2298640,345000.0
2298641,110500.0
2298642,300000.0
2298643,229000.0
2298644,166000.0
2298659,327678.0
2298660,100000.0
2298661,90000.0
2298664,409500.0
2298739,94470.0
2298745,123850.0
2298746,92500.0
2298747,123850.0
2298748,47450.0
2298758,92500.0
2298802,61250.0
2298852,108771.5
2298855,149500.0
2298858,149500.0
2298859,169000.0
2298861,169000.0
2298863,119000.0
2298864,153000.0
2298865,153000.0
2298866,149500.0
2298867,149500.0
2298869,169000.0
2298873,73000.0
2298874,289000.0
2298875,240000.0
2298877,350000.0
2298878,214000.0
2298881,195580.0
2298882,148500.0
2298883,113500.0
2298884,480000.0
2298885,191500.0
2298886,213574.125
2298887,200500.0
2298888,167500.0
2298890,191531.5
2298891,710000.0
2298893,510000.0
2298894,410000.0
2298895,225300.0
2298898,262500.0
2298899,180000.0
2298900,152835.0
2298901,475825.0
2298902,391000.0
2298903,148500.0
2298904,600000.0
2298905,149047.83
2298906,172649.5
2298919,222500.0
2298920,222500.0
2298921,106000.0
2298922,185000.0
2298923,200000.0
2298924,127500.0
2298925,170500.0
2298926,119000.0
2298927,140000.0
2298928,160500.0
2298929,172500.0
2298930,152500.0
2298931,219905.0
2298932,115000.0
2298935,99000.0
2298938,510000.0
2298939,790000.0
2298940,570000.0
2298941,387650.0
2298942,225300.0
2298943,215279.0
2298944,198196.0
2298945,134334.0
2298946,142846.855
2298948,168500.0
2298950,132500.0
2298957,89000.0
2298958,417500.0
2298974,915000.0
2298977,100000.0
2298985,156000.0
2298996,395000.0
2298998,188500.0
2298999,210000.0
2299001,162500.0
2299007,180000.0
2299008,109000.0
2299024,90500.0
2299028,127788.5
2299031,159500.0
2299033,350000.0
2299039,249500.0
2299040,559500.0
2299044,350000.0
2299046,98000.0
2299047,279000.0
2299049,72500.0
2299051,67135.0
2299060,125000.0
2299061,167000.0
2299062,120080.0
2299063,119900.0
2299064,119900.0
2299065,80000.0
2299066,306500.0
2299067,125000.0
2299069,119000.0
2299070,120080.0
2299071,119900.0
2299072,119900.0
2299073,306500.0
2299074,306500.0
2299075,57287.61
2299076,57287.61
2299077,57287.61
2299078,57287.61
2299079,57287.61
2299080,57287.61
2299081,57287.61
2299082,57287.61
2299083,57287.61
2299084,99000.0
2299085,99000.0
2299086,70000.0
2299087,70000.0
2299089,247500.0
2299090,70000.0
2299091,92250.0
2299092,99000.0
2299093,95007.5
2299094,95007.5
2299095,125000.0
2299096,125000.0
2299097,78000.0
2299098,80000.0
2299101,161180.0
2299102,78000.0
2299105,86000.0
2299106,70000.0
2299107,105500.0
2299108,95007.5
2299109,138500.0
2299116,81000.0
2299117,89000.0
2299119,622500.0
2299120,217500.0
2299121,210000.0
2299122,113776.5
2299124,131500.0
2299126,131500.0
2299128,131500.0
2299130,223500.0
2299131,157500.0
2299132,183500.0
2299133,127500.0
2299136,131500.0
2299137,131500.0
2299138,131500.0
2299141,262000.0
2299142,131500.0
2299143,131500.0
2299144,131500.0
2299145,270000.0
2299146,270000.0
2299147,270000.0
2299148,270000.0
2299149,270000.0
2299150,270000.0
2299151,131500.0
2299152,58000.0
2299153,180000.0
2299154,111000.0
2299155,75000.0
2299157,111000.0
2299158,102500.0
2299159,75000.0
2299160,111000.0
2299161,111000.0
2299162,111000.0
2299164,75000.0
2299168,75000.0
2299170,75000.0
2299171,158500.0
2299173,102500.0
2299174,119300.0
2299180,189500.0
2299191,115000.0
2299192,99500.0
2299193,131500.0
2299194,99500.0
2299195,89776.965
2299196,99500.0
2299197,89776.965
2299198,99500.0
2299200,99500.0
2299201,89776.965
2299203,267500.0
2299205,140000.0
2299207,267500.0
2299222,680000.0
2299227,205000.0
2299229,228500.0
2299230,181000.0
2299231,181000.0
2299232,181000.0
2299233,181000.0
2299235,125431.5
2299236,181000.0
2299238,181000.0
2299239,181000.0
2299240,125431.5
2299241,181000.0
2299242,125431.5
2299243,125431.5
2299244,181000.0
2299245,181000.0
2299246,181000.0
2299247,181000.0
2299248,181000.0
2299249,181000.0
2299250,181000.0
2299251,129750.0
2299252,129750.0
2299253,129750.0
2299255,129750.0
2299257,129750.0
2299258,129750.0
2299259,129750.0
2299260,129750.0
2299261,181000.0
2299262,181000.0
2299263,181000.0
2299264,181000.0
2299265,430000.0
2299269,114000.0
2299273,145000.0
2299285,188500.0
2299288,147500.0
2299302,99950.0
2299304,95000.0
2299309,73239.9
2299311,73239.9
2299313,73239.9
2299316,101000.0
2299327,60000.0
2299330,145500.0
2299333,162500.0
2299336,162500.0
2299339,219905.0
2299342,105500.0
2299369,113500.0
2299372,77500.0
2299377,113500.0
2299381,77500.0
2299389,480405.0
2299401,78500.0
2299403,64500.0
2299408,53050.0
2299410,58500.0
2299412,64500.0
2299414,53050.0
2299416,305000.0
2299417,139500.0
2299419,53050.0
2299421,208900.0
2299423,58500.0
2299426,85500.0
2299428,139500.0
2299429,292500.0
2299433,160000.0
2299434,198000.0
2299436,175000.0
2299437,134300.0
2299438,180000.0
2299439,180000.0
2299440,180000.0
2299442,141500.0
2299444,141500.0
2299447,89776.965
2299451,83000.0
2299474,208900.0
2299475,139500.0
2299476,45000.0
2299493,143500.0
2299495,143500.0
2299498,157000.0
2299502,85500.0
2299505,85500.0
2299514,252500.0
2299515,115000.0
2299517,210500.0
2299520,85500.0
2299523,104500.0
2299526,95000.0
2299528,118450.0
2299534,270000.0
2299535,160000.0
2299545,310000.0
2299548,99500.0
2299551,430000.0
2299552,1470000.0
2299553,114000.0
2299555,204000.0
2299556,150963.0
2299557,165440.86
2299558,143500.0
2299559,165000.0
2299560,150963.0
2299561,165440.86
2299562,143500.0
2299563,150963.0
2299564,165440.86
2299565,143500.0
2299566,165440.86
2299567,143500.0
2299568,150963.0
2299569,165440.86
2299570,143500.0
2299571,165440.86
2299572,143500.0
2299573,165440.86
2299574,143500.0
2299575,158730.0
2299576,106541.0
2299577,89776.965
2299586,300744.5
2299587,321500.0
2299588,1195000.0
2299589,990000.0
2299590,512500.0
2299591,1001336.5
2299592,1010000.0
2299593,1950000.0
2299594,1470000.0
2299595,380500.0
2299596,514500.0
2299597,1350000.0
2299598,540000.0
2299599,795000.0
2299600,428000.0
2299601,905000.0
2299602,296750.0
2299603,1045000.0
2299604,1350000.0
2299605,800000.0
2299606,1195000.0
2299607,1195000.0
2299608,1469500.0
2299609,415000.0
2299610,639000.0
2299619,215000.0
2299623,420000.0
2299624,1060000.0
2299625,663000.0
2299628,656593.5
2299631,415000.0
2299633,338500.0
2299637,245318.17
2299643,106550.0
2299645,625000.0
2299648,437500.0
2299650,284500.0
2299652,638000.0
2299654,159000.0
2299656,625000.0
2299660,182450.0
2299661,200750.0
2299662,93500.0
2299663,340000.0
2299664,585000.0
2299666,116000.0
2299696,62000.0
2299697,123721.0
2299698,62000.0
2299699,104500.0
2299705,370000.0
2299707,165000.0
2299720,141000.0
2299721,335000.0
2299723,165000.0
2299729,156000.0
2299731,137500.0
2299733,83273.0
2299744,499500.0
2299747,460000.0
2299748,107250.0
2299751,132500.0
2299760,64000.0
2299761,187450.0
2299762,119000.0
2299763,370000.0
2299775,123500.0
2299776,186500.0
2299779,224000.0
2299781,237500.0
2299789,294000.0
2299790,123500.0
2299791,161500.0
2299799,370000.0
2299808,344500.0
2299809,123500.0
2299817,165000.0
2299819,217500.0
2299821,495000.0
2299822,264950.0
2299827,123500.0
2299832,186500.0
2299833,257500.0
2299838,377400.0
2299840,425000.0
2299841,240000.0
2299847,123500.0
2299848,344500.0
2299852,165000.0
2299857,480000.0
2299864,269000.0
2299868,64479.97
2299875,66909.98
2299881,257500.0
2299883,165000.0
2299887,64479.97
2299890,82500.0
2299899,81000.0
2299904,64479.97
2299905,370000.0
2299907,130000.0
2299916,255000.0
2299920,243409.39
2299924,217500.0
2299934,73500.0
2299936,186500.0
2299941,243409.39
2299953,165000.0
2299954,175000.0
2299959,104500.0
2299960,243409.39
2299965,243409.39
2299967,92500.0
2299977,165000.0
2299983,73500.0
2299987,276500.0
2299989,243409.39
2299990,197500.0
2299991,83550.0
2300002,60000.0
2300003,178000.0
2300006,243409.39
2300019,84500.0
2300021,243409.39
2300029,41500.0
2300034,156000.0
2300044,243409.39
2300047,84500.0
2300054,178000.0
2300062,118000.0
2300063,117950.0
2300065,243409.39
2300069,84500.0
2300081,150000.0
2300084,275000.0
2300087,156000.0
2300101,243409.39
2300103,201000.0
2300104,365000.0
2300106,77100.0
2300115,243409.39
2300124,156000.0
2300126,120000.0
2300133,243409.39
2300151,143583.5
2300152,134500.0
2300155,141000.0
2300157,295000.0
2300165,243409.39
2300169,340000.0
2300172,120000.0
2300176,156000.0
2300181,86750.0
2300185,425000.0
2300186,60000.0
2300191,143583.5
2300195,243409.39
2300197,85450.0
2300203,230000.0
2300208,64479.97
2300214,143583.5
2300218,129900.0
2300222,275000.0
2300228,64479.97
2300234,91500.0
2300240,195000.0
2300243,87750.0
2300247,64479.97
2300253,193500.0
2300256,141000.0
2300257,251500.0
2300263,123500.0
2300268,193500.0
2300269,127500.0
2300272,123500.0
2300275,400000.0
2300282,204500.0
2300283,72000.0
2300287,127150.0
2300292,104285.125
2300294,193500.0
2300296,178500.0
2300298,125000.0
2300302,260200.0
2300307,55000.0
2300314,112500.0
2300318,193500.0
2300322,155000.0
2300329,73500.0
2300334,78500.0
2300337,132500.0
2300348,63500.0
2300352,144600.0
2300353,141000.0
2300360,132500.0
2300365,84500.0
2300371,86500.0
2300375,215000.0
2300377,132500.0
2300379,147450.0
2300384,73500.0
2300390,133000.0
2300393,193500.0
2300394,110000.0
2300398,775000.0
2300402,175000.0
2300404,143583.5
2300405,231000.0
2300413,1370000.0
2300418,99000.0
2300428,1470000.0
2300432,95000.0
2300439,84700.0
2300441,246650.0
2300451,84500.0
2300453,195000.0
2300456,156000.0
2300457,600000.0
2300467,334500.0
2300473,725000.0
2300474,77100.0
2300486,124750.0
2300487,1950000.0
2300489,115000.0
2300491,425000.0
2300493,345000.0
2300496,146500.0
2300501,1370000.0
2300503,305000.0
2300505,422500.0
2300507,113500.0
2300508,200000.0
2300515,101000.0
2300516,104000.0
2300518,178000.0
2300521,260000.0
2300523,95000.0
2300525,1175000.0
2300527,285000.0
2300529,157250.0
2300534,95000.0
2300542,669500.0
2300543,100000.0
2300546,148700.0
2300552,95000.0
2300554,149500.0
2300561,83550.0
2300565,54000.0
2300568,143583.5
2300572,345000.0
2300574,84700.0
2300576,82500.0
2300579,137479.5
2300582,1585000.0
2300583,120223.695
2300584,83550.0
2300592,210000.0
2300595,137479.5
2300599,84500.0
2300605,91500.0
2300608,315600.0
2300610,121500.0
2300611,124750.0
2300619,142259.305
2300623,240000.0
2300624,447500.0
2300634,240000.0
2300646,78500.0
2300654,133000.0
2300659,419000.0
2300666,230450.0
2300667,352500.0
2300686,217088.865
2300687,137500.0
2300689,53000.0
2300691,121200.0
2300716,534500.0
2300718,965000.0
2300725,89015.0
2300729,165000.0
2300733,207500.0
2300737,130000.0
2300739,120000.0
2300745,523500.0
2300756,210972.82
2300759,171000.0
2300762,427250.0
2300767,147450.0
2300771,105000.0
2300774,178000.0
2300779,370000.0
2300787,122450.0
2300790,113769.5
2300792,1370000.0
2300797,327551.975
2300801,192500.0
2300813,660000.0
2300814,534500.0
2300816,113769.5
2300822,205000.0
2300825,112500.0
2300833,660000.0
2300834,115000.0
2300838,146500.0
2300845,187000.0
2300847,115000.0
2300850,109750.0
2300862,118000.0
2300863,112500.0
2300869,103500.0
2300870,239500.0
2300879,135500.0
2300881,113769.5
2300886,108500.0
2300889,137500.0
2300892,534500.0
2300895,66000.0
2300901,1100000.0
2300906,135500.0
2300911,320000.0
2300912,115000.0
2300918,400000.0
2300920,137500.0
2300922,256500.0
2300927,118000.0
2300928,669500.0
2300930,139500.0
2300934,320000.0
2300935,92500.0
2300937,425000.0
2300944,113769.5
2300947,73500.0
2300948,135500.0
2300960,219750.0
2300961,137500.0
2300964,73500.0
2300971,137500.0
2300982,94000.0
2300983,103000.0
2300986,137500.0
2300990,118000.0
2301004,113769.5
2301011,135500.0
2301012,250000.0
2301015,305000.0
2301021,163000.0
2301026,420000.0
2301027,1370000.0
2301030,137500.0
2301032,106500.0
2301045,310000.0
2301051,105000.0
2301056,802550.0
2301059,175000.0
2301069,147500.0
2301072,113769.5
2301074,149000.0
2301090,1045000.0
2301096,101500.0
2301097,113500.0
2301101,116500.0
2301106,1470000.0
2301108,87000.0
2301115,178000.0
2301116,113769.5
2301122,225287.915
2301124,335000.0
2301126,190000.0
2301131,157250.0
2301134,210000.0
2301142,380000.0
2301150,124500.0
2301151,136750.0
2301153,115000.0
2301154,328640.0
2301162,187500.0
2301163,355000.0
2301167,57200.0
2301173,83550.0
2301174,118000.0
2301180,115000.0
2301182,94500.0
2301192,400000.0
2301194,84700.0
2301198,65250.0
2301205,295000.0
2301207,83550.0
2301214,198000.0
2301218,197450.0
2301228,84500.0
2301243,289000.0
2301244,110000.0
2301253,124750.0
2301255,717500.0
2301268,110000.0
2301269,585000.0
2301270,167500.0
2301272,113500.0
2301282,72500.0
2301293,72500.0
2301295,178000.0
2301298,61000.0
2301308,172000.0
2301309,161500.0
2301311,157250.0
2301312,67000.0
2301324,190000.0
2301327,310000.0
2301332,83550.0
2301337,72500.0
2301339,351500.0
2301340,159000.0
2301344,84700.0
2301347,237500.0
2301359,83550.0
2301360,1100000.0
2301363,250000.0
2301376,371750.0
2301381,61000.0
2301384,84500.0
2301385,517500.0
2301397,550000.0
2301399,95000.0
2301423,312500.0
2301481,370000.0
2301488,502500.0
2301495,141000.0
2301515,149500.0
2301533,380000.0
2301541,669500.0
2301542,1275000.0
2301545,279500.0
2301558,108500.0
2301559,108500.0
2301560,108500.0
2301563,108500.0
2301594,140000.0
2301660,235000.0
2301744,114000.0
2301745,97400.0
2301747,114000.0
2301748,95000.0
2301749,164332.5
2301757,97400.0
2301758,97400.0
2301759,97400.0
2301760,97500.0
2301761,97500.0
2301762,97500.0
2301763,97500.0
2301764,97500.0
2301765,97500.0
2301766,97500.0
2301767,97500.0
2301768,157500.0
2301807,1185000.0
2301808,139000.0
2301809,277500.0
2301811,240000.0
2301814,91000.0
2301815,102450.0
2301816,112000.0
2301817,91000.0
2301833,161000.0
2301835,150000.0
2301838,121500.0
2301840,166925.0
2301841,212000.0
2301842,1300000.0
2301843,134500.0
2301844,319950.0
2301845,300000.0
2301846,140000.0
2301849,110000.0
2301850,150212.5
2301895,669500.0
2301896,285000.0
2301906,180000.0
2301907,110250.0
2301908,299950.0
2301909,116250.0
2301910,110250.0
2301911,180000.0
2301912,116250.0
2301932,142310.5
2301933,198000.0
2301935,141500.0
2301936,141500.0
2301937,141500.0
2301938,141500.0
2301939,141500.0
2301940,141500.0
2301941,166750.0
2301942,312500.0
2301943,354736.0
2301944,354736.0
2301945,134300.0
2301946,134300.0
2301947,166750.0
2301948,134300.0
2301949,152800.0
2301950,152800.0
2301951,134300.0
2301952,198000.0
2301953,312500.0
2301954,354736.0
2301955,134300.0
2301956,354736.0
2301958,180000.0
2301959,127000.0
2301960,127000.0
2301961,180000.0
2301962,127000.0
2301963,127000.0
2301964,180000.0
2301965,127000.0
2301966,127000.0
2301967,180000.0
2301968,127000.0
2301969,127000.0
2301973,127000.0
2301974,127000.0
2301975,127000.0
2301976,123500.0
2301977,127000.0
2301978,123500.0
2301979,180000.0
2301980,123500.0
2301981,127000.0
2301982,127000.0
2301983,123500.0
2301984,180000.0
2301985,123500.0
2301986,127000.0
2301987,127000.0
2301988,123500.0
2301989,180000.0
2301990,123500.0
2301991,127000.0
2301993,123500.0
2301994,180000.0
2301995,180000.0
2301996,123500.0
2301997,127000.0
2301999,123500.0
2302000,180000.0
2302001,180000.0
2302002,123500.0
2302003,127000.0
2302004,127000.0
2302005,123500.0
2302006,180000.0
2302007,180000.0
2302008,123500.0
2302009,127000.0
2302010,127000.0
2302011,123500.0
2302012,123500.0
2302013,145000.0
2302014,145000.0
2302015,123500.0
2302016,123500.0
2302017,127000.0
2302018,127000.0
2302019,123500.0
2302021,75000.0
2302022,75000.0
2302023,167950.0
2302024,384739.99
2302032,122500.0
2302034,114000.0
2302037,222500.0
2302108,110000.0
2302182,60000.0
2302184,240000.0
2302201,89875.0
2302204,149500.0
2302214,194000.0
2302215,155000.0
2302217,116000.0
2302218,370000.0
2302219,81500.0
2302220,117500.0
2302221,92500.0
2302244,469201.0
2302245,467500.0
2302246,81000.0
2302247,180000.0
2302251,262500.0
2302256,161000.0
2302257,172500.0
2302259,265000.0
2302264,282500.0
2302265,172500.0
2302266,103000.0
2302270,210000.0
2302290,195000.0
2302294,87000.0
2302297,167500.0
2302298,167500.0
2302299,157500.0
2302300,77500.0
2302304,250000.0
2302310,77500.0
2302312,732500.0
2302314,127500.0
2302316,191000.0
2302345,155000.0
2302347,76500.0
2302349,267914.0
2302351,143150.0
2302353,74000.0
2302361,266750.0
2302374,124000.0
2302386,384000.0
2302426,275000.0
2302437,180000.0
2302439,280000.0
2302440,117250.0
2302446,125000.0
2302479,275000.0
2302481,210000.0
2302486,250000.0
2302492,640000.0
2302498,650000.0
2302500,650000.0
2302505,275000.0
2302540,640000.0
2302544,172250.0
2302545,172250.0
2302547,195000.0
2302556,815000.0
2302557,605000.0
2302559,126000.0
2302566,833000.0
2302655,81000.0
2302656,206000.0
2302658,107750.0
2302660,612500.0
2302665,133500.0
2302671,222500.0
2302679,74500.0
2302683,114500.0
2302691,128500.0
2302692,407000.0
2302693,202500.0
2302700,137500.0
2302703,218500.0
2302704,137500.0
2302711,145000.0
2302712,145000.0
2302713,137500.0
2302718,700000.0
2302723,98000.0
2302724,200000.0
2302727,405000.0
2302728,160500.0
2302731,118000.0
2302734,80803.0
2302735,118000.0
2302736,352500.0
2302737,129500.0
2302738,74500.0
2302747,156500.0
2302752,254500.0
2302762,562500.0
2302765,82000.0
2302766,162500.0
2302776,425000.0
2302779,133620.0
2302780,212500.0
2302781,375000.0
2302782,126950.0
2302783,207500.0
2302790,169805.0
2302793,188000.0
2302799,1225000.0
2302802,120223.695
2302806,184000.0
2302812,131150.0
2302818,305000.0
2302820,105000.0
2302865,197500.0
2302877,190000.0
2302916,224000.0
2302932,93191.74
2302949,153000.0
2302953,312500.0
2302967,108000.0
2302968,280000.0
2302971,70650.0
2302972,192500.0
2302973,44000.0
2302975,140000.0
2302976,100000.0
2302977,124500.0
2302980,192500.0
2302981,192500.0
2302987,372500.0
2302990,77450.0
2302997,175000.0
2302998,325000.0
2303002,110621.5
2303005,155000.0
2303009,66500.0
2303012,110621.5
2303014,209500.0
2303015,110621.5
2303017,130500.0
2303019,136780.0
2303020,136780.0
2303022,150000.0
2303023,77937.875
2303024,142500.0
2303028,312500.0
2303030,195000.0
2303032,312500.0
2303034,200834.0
2303038,81748.77
2303042,188000.0
2303043,91000.0
2303055,72200.0
2303155,224500.0
2303158,95450.0
2303161,165000.0
2303170,282500.0
2303195,356500.0
2303196,173500.0
2303213,182500.0
2303224,143500.0
2303226,165000.0
2303242,348999.5
2303243,72500.0
2303244,205000.0
2303247,160000.0
2303250,467500.0
2303252,187500.0
2303254,270000.0
2303255,240000.0
2303256,270000.0
2303260,180906.25
2303263,162949.515
2303265,223500.0
2303266,67000.0
2303268,335000.0
2303269,154932.66
2303272,279027.255
2303276,154932.66
2303279,180906.25
2303281,165000.0
2303288,370000.0
2303289,112000.0
2303292,55500.0
2303295,86000.0
2303303,202500.0
2303306,162949.515
2303311,92450.0
2303320,78500.0
2303321,87000.0
2303322,151581.0
2303327,279027.255
2303328,430000.0
2303330,1850000.0
2303338,106000.0
2303339,151450.0
2303346,69000.0
2303359,89325.6
2303362,202500.0
2303363,94500.0
2303365,154932.66
2303367,180906.25
2303368,162949.515
2303373,154932.66
2303374,379427.715
2303378,279027.255
2303383,154932.66
2303384,180500.0
2303387,162949.515
2303388,279027.255
2303389,545000.0
2303390,154932.66
2303391,180906.25
2303394,162949.515
2303397,248710.0
2303398,232500.0
2303399,467500.0
2303400,154932.66
2303401,106450.0
2303403,162949.515
2303404,180906.25
2303406,154932.66
2303407,57500.0
2303414,220000.0
2303415,380000.0
2303419,155000.0
2303421,105000.0
2303424,1010000.0
2303445,291500.0
2303446,219000.0
2303449,221000.0
2303452,229000.0
2303453,163950.0
2303456,705000.0
2303457,180500.0
2303471,669500.0
2303482,515000.0
2303483,337500.0
2303484,335000.0
2303486,295000.0
2303487,405000.0
2303488,137000.0
2303489,196000.0
2303495,453000.0
2303496,144770.0
2303498,124000.0
2303500,163000.0
2303501,330000.0
2303508,142500.0
2303511,1250000.0
2303524,170000.0
2303526,170000.0
2303602,71790.23
2303603,78750.0
2303610,422500.0
2303616,110500.0
2303737,139000.0
2303741,190000.0
2303743,295000.0
2303746,125000.0
2303747,159500.0
2303748,105000.0
2303749,302500.0
2303751,450425.0
2303753,189500.0
2303833,127000.0
2303861,185000.0
2303863,61500.0
2303876,298900.0
2303878,277500.0
2303880,298900.0
2303895,255000.0
2303901,181000.0
2303904,76500.0
2303914,260000.0
2303917,150000.0
2303922,77966.76
2303943,359999.5
2303966,307500.0
2303988,1150000.0
2303989,1150000.0
2304431,241361.5
2304460,219750.0
2304461,144000.0
2304462,219750.0
2304463,151000.0
2304488,190000.0
2304496,375000.0
2304498,297500.0
2304501,319000.0
2304657,340000.0
2304659,247500.0
2304666,310000.0
2304670,280000.0
2304678,570000.0
2304683,242500.0
2304687,160000.0
2304689,315000.0
2304699,140000.0
2304700,243000.0
2304709,267914.0
2304710,267914.0
2304711,197500.0
2304714,1050000.0
2304715,175000.0
2304770,765000.0
2304775,86500.0
2304776,247500.0
2304780,200000.0
2304781,62155.11
2304783,62155.11
2304784,101500.0
2304791,170000.0
2304802,460000.0
2304803,101500.0
2304805,121000.0
2304806,275000.0
2304810,120000.0
2304811,246000.0
2304812,517500.0
2304817,150450.0
2304821,182000.0
2304829,142500.0
2304830,94000.0
2304831,94000.0
2304833,240000.0
2304834,58500.0
2304839,179500.0
2304842,209500.0
2304843,270000.0
2304849,73000.0
2304851,159000.0
2304859,352000.0
2304865,450000.0
2304867,100696.5
2304871,79821.0
2304872,100696.5
2304877,113750.0
2304879,79821.0
2304880,89750.0
2304883,337500.0
2304888,205000.0
2304889,915000.0
2304901,117500.0
2304909,152000.0
2304910,400000.0
2304913,155000.0
2304919,432500.0
2304943,305000.0
2304952,156737.795
2304954,219105.78
2304955,181346.0
2304957,295000.0
2304960,154000.0
2304962,377500.0
2304968,350000.0
2304969,252500.0
2304972,275000.0
2304973,347500.0
2304976,100000.0
2304977,141500.0
2304978,265000.0
2304988,152500.0
2304996,125000.0
2304997,1045000.0
2304998,299000.0
2305000,122500.0
2305001,177000.0
2305002,136000.0
2305003,124500.0
2305004,148000.0
2305005,320000.0
2305006,669500.0
2305017,526900.0
2305027,645000.0
2305030,482500.0
2305032,140000.0
2305033,113500.0
2305034,180000.0
2305035,164000.0
2305040,94000.0
2305041,127500.0
2305042,127500.0
2305044,91000.0
2305056,250000.0
2305059,89000.0
2305060,74000.0
2305063,137500.0
2305069,375000.0
2305083,185000.0
2305091,354000.0
2305099,84500.0
2305111,580000.0
2305114,79150.0
2305115,113800.0
2305116,380000.0
2305121,220000.0
2305123,221500.0
2305125,317000.0
2305134,420000.0
2305138,110900.0
2305156,182500.0
2305158,310000.0
2305164,117500.0
2305165,65000.0
2305174,130950.0
2305175,99250.0
2305181,115000.0
2305189,99500.0
2305194,183000.0
2305197,160000.0
2305203,246500.0
2305204,165000.0
2305227,252450.0
2305252,179000.0
2305320,76500.0
2305321,67750.0
2305322,570000.0
2305328,80000.0
2305329,100000.0
2305342,331500.0
2305363,185000.0
2305374,2100000.0
2305383,167500.0
2305393,380000.0
2305394,91000.0
2305396,200000.0
2305397,515000.0
2305398,333295.0
2305403,331500.0
2305405,331500.0
2305408,217500.0
2305409,130000.0
2305410,145950.0
2305411,492500.0
2305421,147550.0
2305426,215000.0
2305880,229000.0
2305882,224300.0
2305891,115000.0
2305906,104000.0
2305912,83500.0
2305922,82750.0
2305923,182000.0
2305924,231500.0
2305927,182500.0
2305934,264000.0
2305940,202500.0
2305950,177500.0
2305973,109995.0
2305999,161000.0
2306000,465000.0
2306004,177450.0
2306026,207500.0
2306028,250000.0
2306029,83000.0
2306040,150000.0
2306052,294000.0
2306056,78500.0
2306075,105000.0
2306094,117900.0
2306102,92950.0
2306110,303000.0
2306125,270000.0
2306129,232250.0
2306132,125500.0
2306133,125500.0
2306134,95134.96
2306135,195000.0
2306136,145400.0
2306137,130000.0
2306138,80350.0
2306139,125500.0
2306141,125500.0
2306142,125500.0
2306143,125500.0
2306144,125500.0
2306145,95134.96
2306146,195000.0
2306147,145400.0
2306148,130000.0
2306149,80350.0
2306150,158750.0
2306151,219000.0
2306152,333295.0
2306153,218000.0
2306155,333295.0
2306156,333295.0
2306157,333295.0
2306158,302500.0
2306159,203000.0
2306160,385000.0
2306161,375000.0
2306162,371000.0
2306163,455000.0
2306167,305000.0
2306174,127000.0
2306199,370000.0
2306208,292500.0
2306213,220000.0
2306220,188000.0
2306222,322500.0
2306225,430000.0
2306280,795000.0
2306283,955000.0
2306284,955000.0
2306285,1200000.0
2306286,1200000.0
2306287,867500.0
2306288,867500.0
2306289,867500.0
2306290,867500.0
2306291,675000.0
2306292,1250000.0
2306293,675000.0
2306317,549500.0
2306318,549500.0
2306319,1200000.0
2306320,1200000.0
2306321,1200000.0
2306322,1200000.0
2306358,209500.0
2306360,87500.0
2306361,140000.0
2306372,180000.0
2306376,214000.0
2306381,345000.0
2306395,292500.0
2306403,147500.0
2306404,217500.0
2306411,237500.0
2306414,224500.0
2306417,132000.0
2306420,132500.0
2306421,790000.0
2306424,224500.0
2306428,496245.5
2306429,229000.0
2306431,312500.0
2306435,820000.0
2306436,235000.0
2306450,467000.0
2306458,930000.0
2306460,118250.0
2306462,202101.01
2306463,202101.01
2306464,702000.0
2306465,95315.0
2306469,91350.0
2306470,153500.0
2306471,153500.0
2306474,89000.0
2306479,98500.0
2306482,145750.0
2306483,510000.0
2306484,407500.0
2306487,229000.0
2306489,237500.0
2306506,99415.435
2306507,94500.0
2306508,219500.0
2306509,102500.0
2306511,732500.0
2306522,184000.0
2306525,92400.0
2306527,50000.0
2306531,58500.0
2306537,111500.0
2306541,240000.0
2306542,569000.0
2306551,345000.0
2306566,160000.0
2306567,104500.0
2306569,94000.0
2306571,217500.0
2306572,175000.0
2306581,162750.0
2306584,122500.0
2306585,139073.46
2306587,312500.0
2306593,75450.0
2306595,71000.0
2306598,160000.0
2306603,122000.0
2306608,232500.0
2306611,431500.0
2306613,152000.0
2306618,155500.0
2306619,1175000.0
2306620,133500.0
2306624,127000.0
2306625,72500.0
2306630,67000.0
2306632,112500.0
2306633,110000.0
2306637,134950.0
2306640,87450.0
2306643,222000.0
2306644,79000.0
2306646,295000.0
2306651,377500.0
2306655,127000.0
2306656,342500.0
2306657,190000.0
2306663,185000.0
2306667,190000.0
2306673,580000.0
2306678,69000.0
2306683,105000.0
2306686,157500.0
2306687,155000.0
2306688,125000.0
2306700,282500.0
2306710,241500.0
2306711,229500.0
2306712,275000.0
2306713,202500.0
2306717,741000.0
2306728,295000.0
2306729,152500.0
2306733,499500.0
2306736,209500.0
2306741,564000.0
2306762,134000.0
2306779,617500.0
2306787,82626.0
2306798,145000.0
2306802,172000.0
2306814,630000.0
2306815,272500.0
2306816,344000.0
2306827,168950.0
2306834,80000.0
2306864,151750.0
2306911,1250000.0
2306912,705000.0
2306923,419000.0
2306924,135000.0
2306926,103128.77
2306927,136811.825
2306928,95082.24
2306930,163750.0
2306942,99500.0
2306944,195000.0
2306958,258191.74
2306968,69000.0
2306971,350000.0
2306972,104000.0
2306973,169411.0
2306974,445000.0
2306976,107000.0
2306977,170000.0
2306978,78750.0
2306981,101750.0
2306982,580000.0
2306986,166850.0
2306987,79000.0
2306988,152500.0
2307007,240000.0
2307008,120075.0
2307009,449500.0
2307010,449500.0
2307011,150450.0
2307012,184950.0
2307014,449500.0
2307015,171500.0
2307018,250000.0
2307021,669500.0
2307023,669500.0
2307024,669500.0
2307025,449500.0
2307027,78500.0
2307028,1187500.0
2307030,134250.0
2307031,133500.0
2307033,440000.0
2307034,171500.0
2307036,230000.0
2307038,64500.0
2307039,80000.0
2307041,105500.0
2307042,71229.155
2307047,89256.5
2307052,298000.0
2307055,152500.0
2307057,171500.0
2307060,70400.765
2307062,75000.0
2307065,89000.0
2307077,219500.0
2307091,181500.0
2307092,119000.0
2307094,360000.0
2307095,490000.0
2307096,485000.0
2307100,187500.0
2307101,352500.0
2307107,270000.0
2307108,214000.0
2307114,669500.0
2307116,504500.0
2307117,320000.0
2307119,285000.0
2307120,191000.0
2307127,79000.0
2307128,100000.0
2307129,175000.0
2307134,260000.0
2307139,230000.0
2307140,78500.0
2307149,313500.0
2307150,91100.0
2307151,112950.0
2307152,104500.0
2307153,310000.0
2307155,145000.0
2307161,115000.0
2307165,450000.0
2307172,267250.0
2307175,112000.0
2307176,298000.0
2307179,87750.0
2307180,80000.0
2307181,105500.0
2307182,76303.585
2307183,335000.0
2307234,231500.0
2307249,108000.0
2307261,126500.0
2307263,1000000.0
2307270,110000.0
2307392,225000.0
2307401,179500.0
2307402,195000.0
2307403,212500.0
2307404,219500.0
2307406,105000.0
2307407,290000.0
2307411,62000.0
2307412,126000.0
2307413,509500.0
2307415,522500.0
2307416,280000.0
2307417,215000.0
2307418,220000.0
2307419,306500.0
2307420,91450.0
2307421,67000.0
2307422,106900.0
2307423,51500.0
2307425,460000.0
2307426,68000.0
2307427,222500.0
2307430,222500.0
2307435,419500.0
2307438,470000.0
2307446,275500.0
2307452,660000.0
2307453,114000.0
2307465,100000.0
2307466,255000.0
2307473,755000.0
2307474,141000.0
2307508,455000.0
2307509,455000.0
2307510,585000.0
2307511,585000.0
2307512,700000.0
2307513,700000.0
2307514,1250000.0
2307515,1250000.0
2307516,1350000.0
2307517,1350000.0
2307543,296500.0
2307544,95000.0
2307545,145250.0
2307547,130000.0
2307553,159500.0
2307578,210000.0
2307579,199500.0
2307582,372500.0
2307585,161000.0
2307590,193750.0
2307592,124500.0
2307597,385000.0
2307598,239500.0
2307609,148609.5
2307610,182450.0
2307611,71250.0
2307612,117500.0
2307614,152000.0
2307615,455000.0
2307616,96500.0
2307618,94000.0
2307619,94000.0
2307620,94000.0
2307622,185500.0
2307624,92500.0
2307626,365000.0
2307627,81500.0
2307628,185000.0
2307631,177450.0
2307643,161000.0
2307645,1216111.0
2307646,180000.0
2307649,375000.0
2307653,162500.0
2307661,170000.0
2307671,122500.0
2307693,224999.5
2307694,87250.0
2307698,284500.0
2307699,403500.0
2307731,132500.0
2307735,250000.0
2307736,270000.0
2307738,174500.0
2307740,169000.0
2307741,65000.0
2307742,158500.0
2307743,117750.0
2307746,82500.0
2307755,225000.0
2307789,427500.0
2307813,335000.0
2307814,162500.0
2307816,117500.0
2307830,1380000.0
2307837,132500.0
2307845,107500.0
2307847,390000.0
2307851,289000.0
2307858,220000.0
2307859,249000.0
2307866,247500.0
2307871,157500.0
2307872,169500.0
2307876,224800.0
2307883,83500.0
2307888,131383.48
2307890,475000.0
2307893,112500.0
2307896,189000.0
2307898,177250.0
2307902,335000.0
2307903,137500.0
2308002,345000.0
2308003,344500.0
2308009,107875.0
2308012,109923.77
2308013,148000.0
2308014,107000.0
2308016,95000.0
2308024,270000.0
2308025,230000.0
2308032,137000.0
2308033,270000.0
2308034,270000.0
2308036,251750.0
2308037,90450.0
2308038,121500.0
2308045,412500.0
2308094,1335000.0
2308104,155000.0
2308141,65000.0
2308151,95000.0
2308152,64000.0
2308153,435000.0
2308160,265000.0
2308165,127500.0
2308167,140000.0
2308175,434000.0
2308177,190950.0
2308203,610000.0
2308270,94500.0
2308271,320500.0
2308272,264000.0
2308273,105000.0
2308274,127500.0
2308275,527500.0
2308276,82200.0
2308277,105000.0
2308278,240000.0
2308279,214000.0
2308280,405000.0
2308281,122000.0
2308282,1155000.0
2308283,105000.0
2308284,194000.0
2308285,85000.0
2308286,68750.0
2308287,85000.0
2308288,237900.0
2308289,140000.0
2308290,527500.0
2308295,117835.0
2308297,610000.0
2308299,212500.0
2308301,1175000.0
2308303,339500.0
2308305,395000.0
2308306,80500.0
2308307,80500.0
2308310,74000.0
2308312,120000.0
2308314,1175000.0
2308318,365000.0
2308319,415000.0
2308320,232500.0
2308321,112000.0
2308323,84270.42
2308324,360000.0
2308326,83500.0
2308329,84270.42
2308332,127500.0
2308334,72500.0
2308335,362500.0
2308337,100000.0
2308339,449500.0
2308340,119000.0
2308341,182000.0
2308342,247500.0
2308347,84750.0
2308351,56739.9
2308352,237500.0
2308354,222500.0
2308359,180000.0
2308360,165954.155
2308361,165954.155
2308362,65500.0
2308363,61000.0
2308364,123750.0
2308370,76500.0
2308371,182500.0
2308372,110000.0
2308377,90500.0
2308378,90500.0
2308381,90500.0
2308382,155000.0
2308384,76500.0
2308385,285000.0
2308386,97500.0
2308387,157000.0
2308388,99000.0
2308391,74500.0
2308392,76500.0
2308395,255000.0
2308397,195000.0
2308398,134000.0
2308399,105500.0
2308402,185000.0
2308403,83500.0
2308404,95000.0
2308405,80000.0
2308407,172000.0
2308408,80000.0
2308411,155000.0
2308416,430000.0
2308417,610000.0
2308418,252500.0
2308419,285000.0
2308420,329500.0
2308421,145000.0
2308422,65500.0
2308423,172500.0
2308424,172500.0
2308425,520000.0
2308426,135000.0
2308429,495000.0
2308430,213500.0
2308431,148500.0
2308432,213500.0
2308433,213500.0
2308434,213500.0
2308435,213500.0
2308437,128464.0
2308438,101500.0
2308440,424500.0
2308441,126450.0
2308442,265000.0
2308449,915000.0
2308450,92000.0
2308451,64835.0
2308452,92000.0
2308453,92000.0
2308454,92000.0
2308455,115750.0
2308456,115750.0
2308457,115750.0
2308458,128500.0
2308459,64835.0
2308464,239000.0
2308465,117000.0
2308466,90000.0
2308468,527500.0
2308469,105000.0
2308470,237500.0
2308471,123500.0
2308473,212532.0
2308484,515000.0
2308486,67500.0
2308487,248500.0
2308488,625000.0
2308490,515000.0
2308492,80500.0
2308495,289000.0
2308496,117500.0
2308497,100450.0
2308498,295000.0
2308499,81000.0
2308500,105000.0
2308505,69250.0
2308507,230000.0
2308512,68000.0
2308513,181725.0
2308514,65000.0
2308515,152500.0
2308517,199500.0
2308519,145000.0
2308520,315000.0
2308526,117500.0
2308528,68000.0
2308529,255000.0
2308530,383500.0
2308531,240000.0
2308532,125000.0
2308534,188000.0
2308535,405000.0
2308537,65000.0
2308540,73500.0
2308542,120000.0
2308544,280000.0
2308545,57000.0
2308546,90000.0
2308547,255000.0
2308548,101500.0
2308552,240000.0
2308555,140000.0
2308556,105500.0
2308559,91500.0
2308560,318763.5
2308561,337500.0
2308562,170965.0
2308563,222500.0
2308564,97500.0
2308566,109500.0
2308567,86750.0
2308569,124500.0
2308570,76500.0
2308573,77000.0
2308574,122900.0
2308575,122900.0
2308576,137500.0
2308577,137500.0
2308578,171035.0
2308579,78750.0
2308580,105000.0
2308581,415000.0
2308582,190050.0
2308584,95000.0
2308585,76000.0
2308588,124950.0
2308589,124950.0
2308596,80500.0
2308597,280000.0
2308599,122500.0
2308600,54000.0
2308603,137500.0
2308604,106000.0
2308605,83500.0
2308606,445000.0
2308608,130000.0
2308616,104000.0
2308624,572500.0
2308625,175000.0
2308626,255000.0
2308628,192500.0
2308630,250000.0
2308631,139000.0
2308633,68417.0
2308636,74000.0
2308638,170000.0
2308640,88000.0
2308641,105500.0
2308643,297500.0
2308645,237500.0
2308650,82500.0
2308655,214500.0
2308659,105470.0
2308660,120223.695
2308666,84770.0
2308668,103250.0
2308669,60420.5
2308672,55580.0
2308673,55580.0
2308674,195000.0
2308675,195000.0
2308676,195000.0
2308677,195000.0
2308678,170000.0
2308680,64350.0
2308681,94000.0
2308682,96000.0
2308683,295000.0
2308684,379500.0
2308685,275000.0
2308686,149450.0
2308688,90000.0
2308689,82250.0
2308690,335000.0
2308691,265000.0
2308693,590000.0
2308695,137500.0
2308696,152000.0
2308697,173500.0
2308698,112000.0
2308699,212000.0
2308700,187000.0
2308702,142500.0
2308707,175000.0
2308708,165000.0
2308709,152000.0
2308719,134500.0
2308720,220000.0
2308721,127500.0
2308726,115000.0
2308730,73750.0
2308731,307500.0
2308732,252500.0
2308737,105500.0
2308741,116750.0
2308742,81250.0
2308743,109500.0
2308744,230000.0
2308747,270000.0
2308749,125000.0
2308750,150000.0
2308751,87500.0
2308755,205000.0
2309100,1105000.0
2309101,414500.0
2309103,435000.0
2309111,295000.0
2309114,165000.0
2309117,717500.0
2309119,310000.0
2309121,399000.0
2309122,177000.0
2309123,87000.0
2309125,179000.0
2309126,179000.0
2309176,299437.42
2309191,260000.0
2309192,205385.0
2309193,65000.0
2309198,732500.0
2309201,1950000.0
2309206,365000.0
2309212,241500.0
2309213,387500.0
2309222,152500.0
2309224,190500.0
2309228,145000.0
2309230,153500.0
2309233,141950.0
2309236,160000.0
2309240,95000.0
2309243,118000.0
2309246,118000.0
2309262,535000.0
2309267,137500.0
2309269,141500.0
2309272,221000.0
2309275,295000.0
2309277,298000.0
2309280,387500.0
2309286,135000.0
2309290,537500.0
2309291,179000.0
2309292,96000.0
2309294,89000.0
2309302,295000.0
2309303,148000.0
2309312,85000.0
2309317,515000.0
2309321,95000.0
2309322,424500.0
2309327,139000.0
2309328,139000.0
2309330,120000.0
2309331,403500.0
2309332,261000.0
2309333,121250.0
2309334,107200.0
2309335,137500.0
2309336,180500.0
2309338,107200.0
2309339,296500.0
2309344,210000.0
2309346,287500.0
2309349,219000.0
2309353,79500.0
2309359,227500.0
2309361,259500.0
2309362,417500.0
2309366,107000.0
2309386,61500.0
2309390,117500.0
2309392,84000.0
2309394,244500.0
2309395,167000.0
2309397,170000.0
2309398,95500.0
2309399,112000.0
2309402,114500.0
2309438,209000.0
2309441,159000.0
2309447,247000.0
2309458,510000.0
2309460,189215.48
2309464,195000.0
2309466,470000.0
2309467,134000.0
2309473,121962.5
2309475,65000.0
2309476,117500.0
2309478,89250.0
2309490,430000.0
2309491,300000.0
2309492,149500.0
2309495,365000.0
2309496,162500.0
2309501,68500.0
2309506,740000.0
2309507,740000.0
2309508,167500.0
2309509,292500.0
2309510,420000.0
2309516,375000.0
2309520,124500.0
2309531,93000.0
2309544,97500.0
2309546,169411.0
2309551,310000.0
2309556,244500.0
2309562,325000.0
2309569,90000.0
2309570,134303.62
2309576,302500.0
2309587,165000.0
2309588,274000.0
2309596,303500.0
2309599,83000.0
2309600,153000.0
2309603,83764.475
2309605,250000.0
2309614,58500.0
2309615,122500.0
2309620,108250.0
2309624,167500.0
2309627,900000.0
2309629,300000.0
2309631,105000.0
2309632,205000.0
2309638,103000.0
2309639,150000.0
2309643,79000.0
2309645,147300.0
2309647,74451.495
2309648,445000.0
2309650,89407.92
2309652,230000.0
2309654,260000.0
2309655,117250.0
2309656,260000.0
2309657,59000.0
2309658,127500.0
2309666,342500.0
2309668,230000.0
2309674,262500.0
2309675,72500.0
2309678,136350.0
2309679,222500.0
2309680,1340000.0
2309681,225000.0
2309682,400000.0
2309711,477274.0
2309714,111500.0
2309716,123000.0
2309718,149500.0
2309720,183781.0
2309721,235500.0
2309722,660000.0
2309726,81500.0
2309727,185000.0
2309728,78500.0
2309731,62500.0
2309732,114500.0
2309733,400000.0
2309739,122500.0
2309748,185000.0
2309759,105221.75
2309770,267500.0
2309771,126500.0
2309774,109250.0
2309778,342000.0
2309790,194500.0
2309812,560000.0
2309839,442450.0
2309854,357500.0
2309865,229250.0
2309867,195000.0
2309868,1175000.0
2309869,103700.0
2309871,100500.0
2309872,121500.0
2309875,91500.0
2309877,102500.0
2309911,80277.305
2309919,352500.0
2309926,159500.0
2309931,650000.0
2309932,137500.0
2309937,622500.0
2309948,291500.0
2309953,157500.0
2309954,435000.0
2309956,425000.0
2309978,110000.0
2309983,169000.0
2309985,266000.0
2309989,90500.0
2309991,132500.0
2310017,62500.0
2310028,177500.0
2310030,565000.0
2310033,127000.0
2310034,127000.0
2310035,127000.0
2310037,340000.0
2310062,178500.0
2310067,112500.0
2310077,120000.0
2310084,129500.0
2310097,77966.76
2310100,172000.0
2310118,152500.0
2310119,260000.0
2310120,260000.0
2310139,765000.0
2310140,107500.0
2310142,245950.0
2310146,310000.0
2310147,217500.0
2310170,174000.0
2310179,235000.0
2310180,790000.0
2310182,354500.0
2310193,122500.0
2310196,280000.0
2310206,232500.0
2310209,380000.0
2310211,167100.0
2310213,184500.0
2310219,184500.0
2310226,115000.0
2310230,145500.0
2310256,170000.0
2310259,145500.0
2310262,277500.0
2310269,177500.0
2310368,1270000.0
2310394,230000.0
2310399,420000.0
2310405,257500.0
2310406,94500.0
2310407,235000.0
2310415,155000.0
2310421,126500.0
2310490,173600.0
2310506,193500.0
2310514,72500.0
2310515,162209.0
2310523,1000000.0
2310539,106550.0
2310541,112000.0
2310544,145000.0
2310555,100000.0
2310560,145250.0
2310574,188150.0
2310579,191000.0
2310580,737500.0
2310581,174500.0
2310582,507500.0
2310584,106500.0
2310586,106500.0
2310591,398000.0
2310598,237500.0
2310601,200000.0
2310617,144000.0
2310632,325000.0
2310943,127500.0
2310944,155000.0
2310945,155000.0
2310946,155000.0
2310947,127500.0
2310948,127500.0
2310949,127500.0
2310950,127500.0
2310951,127500.0
2311177,249000.0
2311180,249000.0
2311304,525000.0
2311314,262450.0
2311316,1790000.0
2311323,83273.0
2311324,123500.0
2311330,81000.0
2311331,123500.0
2311332,120000.0
2311333,152000.0
2311339,170000.0
2311340,175500.0
2311345,123500.0
2311346,123500.0
2311350,310000.0
2311352,179500.0
2311354,305000.0
2311355,400000.0
2311360,305000.0
2311361,400000.0
2311369,89000.0
2311371,222500.0
2311382,102500.0
2311392,107000.0
2311403,107000.0
2311600,117000.0
2311602,307500.0
2311670,106768.57
2311671,106768.57
2311674,124000.0
2311677,295000.0
2311679,137500.0
2311683,272500.0
2311693,272450.0
2311694,790000.0
2311695,88500.0
2311696,670000.0
2311697,160000.0
2311698,282500.0
2311702,185850.0
2311703,265000.0
2311706,350000.0
2311707,129500.0
2311708,264550.0
2311711,169000.0
2311712,219000.0
2311716,890000.0
2311717,225000.0
2311719,70250.0
2311720,116500.0
2311724,148000.0
2311725,116500.0
2311726,270000.0
2311731,373114.5
2311777,87500.0
2311782,95312.5
2311785,60000.0
2311789,282500.0
2311793,590000.0
2311796,190000.0
2311797,292500.0
2311801,167000.0
2311804,222500.0
2311805,91000.0
2311806,207500.0
2311810,77000.0
2311811,116500.0
2311813,116500.0
2311814,310000.0
2311816,169500.0
2311822,102500.0
2311825,146000.0
2311829,212500.0
2311835,385000.0
2311839,186000.0
2311842,1187500.0
2311843,419000.0
2311845,247500.0
2311856,63500.0
2311858,224001.33
2311860,1195000.0
2311865,126500.0
2311867,929000.0
2311871,339000.0
2311881,70650.0
2311882,54000.0
2311885,103500.0
2311886,60000.0
2311888,74000.0
2311891,89500.0
2311892,347000.0
2311893,200500.0
2311894,60000.0
2311896,167500.0
2311898,104500.0
2311899,73000.0
2311901,200000.0
2311902,136500.0
2311904,195000.0
2311906,117000.0
2311907,97500.0
2311908,141500.0
2311909,119000.0
2311910,126850.0
2311912,46200.0
2311916,289000.0
2311918,57450.0
2311924,69500.0
2311925,62500.0
2311926,330000.0
2311927,272500.0
2311930,277500.0
2311933,440000.0
2311938,277500.0
2311942,500000.0
2311943,90000.0
2311944,160000.0
2311945,210000.0
2311952,257500.0
2311962,129750.0
2311964,141500.0
2311967,470000.0
2311968,470000.0
2311969,470000.0
2311970,470000.0
2311972,151196.68
2311996,134000.0
2311999,175124.455
2312002,590000.0
2312013,806740.0
2312015,284500.0
2312018,61000.0
2312020,88500.0
2312023,282500.0
2312024,435000.0
2312027,106768.57
2312029,106768.57
2312031,139000.0
2312038,142000.0
2312044,122000.0
2312045,163500.0
2312046,420000.0
2312047,108500.0
2312048,765000.0
2312052,176500.0
2312053,390000.0
2312055,250000.0
2312067,117500.0
2312072,220000.0
2312083,520000.0
2312089,1469500.0
2312118,143500.0
2312120,250000.0
2312121,103500.0
2312122,167000.0
2312125,71250.0
2312130,129149.0
2312132,252500.0
2312139,214000.0
2312142,175000.0
2312145,179000.0
2312149,289500.0
2312154,240000.0
2312155,103500.0
2312156,130600.0
2312158,165000.0
2312162,152500.0
2312168,70000.0
2312174,130196.0
2312175,122500.0
2312176,122500.0
2312180,152500.0
2312182,220000.0
2312187,132500.0
2312189,100750.0
2312201,229000.0
2312203,85000.0
2312214,131500.0
2312225,322500.0
2312226,322500.0
2312252,590000.0
2312254,176833.0
2312256,113177.79
2312257,260000.0
2312265,140000.0
2312268,79950.0
2312274,520000.0
2312275,242950.0
2312292,106000.0
2312327,315000.0
2312353,80950.0
2312354,107000.0
2312355,100000.0
2312421,435000.0
2312424,207500.0
2312426,315000.0
2312427,96250.0
2312431,344500.0
2312432,900000.0
2312433,485000.0
2312436,210000.0
2312439,402500.0
2312441,171750.0
2312442,104500.0
2312443,1135000.0
2312444,98500.0
2312445,930000.0
2312446,930000.0
2312460,570000.0
2312461,196000.0
2312462,148000.0
2312465,97500.0
2312467,95000.0
2312474,189000.0
2312480,80000.0
2312482,170000.0
2312488,122500.0
2312491,120650.0
2312492,136000.0
2312495,124820.0
2312497,121450.0
2312498,530000.0
2312501,785000.0
2312503,207500.0
2312505,335000.0
2312507,60000.0
2312508,1270000.0
2312509,830000.0
2312512,160000.0
2312518,467500.0
2312523,257500.0
2312527,970000.0
2312528,265000.0
2312537,511500.0
2312556,214000.0
2312560,124500.0
2312569,245156.75
2312577,134500.0
2312580,205000.0
2312581,585000.0
2312582,585000.0
2312609,177000.0
2312619,237000.0
2312628,171500.0
2312629,63000.0
2312631,98000.0
2312646,192450.0
2312659,212000.0
2312660,66776.575
2312662,104000.0
2312679,625000.0
2312682,88000.0
2312683,225000.0
2312689,65000.0
2312691,77850.0
2312694,138000.0
2312695,111000.0
2312708,99500.0
2312711,377500.0
2312725,71250.0
2312731,254000.0
2312736,269000.0
2312747,360000.0
2312748,230000.0
2312753,610000.0
2312755,420000.0
2312758,175000.0
2312759,107250.0
2312761,52000.0
2312765,155000.0
2312766,412500.0
2312767,103500.0
2312770,1187500.0
2312771,172000.0
2312772,172000.0
2312776,103500.0
2312779,252500.0
2312780,117102.5
2312784,83500.0
2312800,97000.0
2312801,575000.0
2312802,203537.5
2312806,163709.57
2312863,334500.0
2312864,746500.0
2312867,168500.0
2312868,108500.0
2312869,108500.0
2312870,108500.0
2312871,97500.0
2312872,168500.0
2312873,103844.975
2312874,108500.0
2312875,108500.0
2312876,108500.0
2312877,168500.0
2312901,150000.0
2312908,90335.36
2312914,335000.0
2312915,312500.0
2312916,191500.0
2312917,191500.0
2312918,191500.0
2312933,422500.0
2312935,357500.0
2312937,174000.0
2312943,92500.0
2312944,168500.0
2312945,217500.0
2312946,340000.0
2312947,89500.0
2312950,332000.0
2312952,1095000.0
2312953,595000.0
2312954,292500.0
2312974,100000.0
2312987,1005000.0
2313001,284500.0
2313002,802500.0
2313003,92500.0
2313005,255000.0
2313009,694225.0
2313011,182000.0
2313014,420000.0
2313026,61553.0
2313027,82000.0
2313040,79000.0
2313052,149000.0
2313055,97450.0
2313061,89000.0
2313064,499000.0
2313066,315000.0
2313085,194000.0
2313113,407500.0
2313115,131000.0
2313125,51543.26
2313132,232500.0
2313133,440000.0
2313134,95000.0
2313135,437500.0
2313136,397500.0
2313138,114000.0
2313142,350000.0
2313143,211500.0
2313144,150000.0
2313147,139000.0
2313148,74500.0
2313149,74500.0
2313151,141500.0
2313153,220000.0
2313155,237284.5
2313157,195000.0
2313158,142000.0
2313178,337500.0
2313180,130500.0
2313181,149450.0
2313182,161000.0
2313186,329250.0
2313187,145000.0
2313194,248500.0
2313196,121250.0
2313204,90200.0
2313205,247250.0
2313206,362500.0
2313207,105000.0
2313208,134500.0
2313212,258000.0
2313213,77500.0
2313230,112500.0
2313249,270000.0
2313255,605000.0
2313256,100000.0
2313257,124500.0
2313258,242500.0
2313261,124000.0
2313278,279000.0
2313280,92000.0
2313281,81000.0
2313282,352500.0
2313284,207000.0
2313288,100000.0
2313290,121500.0
2313297,64000.0
2313298,429000.0
2313299,86000.0
2313301,121500.0
2313302,227000.0
2313303,142500.0
2313306,285000.0
2313309,142000.0
2313341,280000.0
2313365,135000.0
2313378,415000.0
2313390,60000.0
2313395,47500.0
2313400,47500.0
2313406,390000.0
2313493,78500.0
2313494,199500.0
2313495,59500.0
2313496,98651.2
2313500,127875.0
2313569,535000.0
2313585,119500.0
2313590,202450.0
2313595,270000.0
2313596,201000.0
2313609,115500.0
2313623,357500.0
2313624,119500.0
2313655,127000.0
2313658,308500.0
2313680,640000.0
2313702,108950.0
2313706,201450.0
2313734,144261.0
2313740,265000.0
2313742,135850.0
2313743,141950.0
2313744,362500.0
2313745,151950.0
2313770,36500.0
2313771,36500.0
2313775,102500.0
2313780,210000.0
2313809,350000.0
2313810,350000.0
2313811,1264500.0
2313841,123000.0
2313852,60495.855
2313856,75000.0
2313857,252000.0
2313863,252000.0
2313864,490000.0
2313866,165000.0
2313878,142794.0
2313879,405000.0
2313883,157500.0
2313949,119000.0
2313958,100696.5
2313977,385000.0
2313981,160000.0
2313989,1080000.0
2313990,240000.0
2313992,117500.0
2314009,172500.0
2314011,137500.0
2314016,179500.0
2314019,112800.0
2314020,179500.0
2314021,179500.0
2314025,157500.0
2314026,353000.0
2314033,97750.0
2314036,362500.0
2314038,250000.0
2314041,179500.0
2314179,135000.0
2314185,110000.0
2314188,106200.0
2314197,809000.0
2314199,152500.0
2314200,92500.0
2314203,130000.0
2314204,119566.0
2314228,158500.0
2314232,114500.0
2314270,68500.0
2314284,165000.0
2314291,425000.0
2314295,237500.0
2314298,315000.0
2314330,404828.1
2314421,57925.76
2314432,119000.0
2314444,264500.0
2314471,107500.0
2314474,139000.0
2314475,201000.0
2314476,123000.0
2314477,207500.0
2314491,332500.0
2314492,1440000.0
2314494,982500.0
2314502,90000.0
2314504,405000.0
2314505,310000.0
2314510,375000.0
2314511,83500.0
2314512,625000.0
2314513,210000.0
2314516,743750.0
2314518,104000.0
2314520,95450.0
2314525,74000.0
2314532,72500.0
2314533,86250.0
2314536,61500.0
2314539,91500.0
2314542,160000.0
2314543,130000.0
2314544,88500.0
2314548,280000.0
2314551,101500.0
2314552,101500.0
2314553,101500.0
2314554,130000.0
2314557,130000.0
2314558,463500.0
2314562,87500.0
2314563,515000.0
2314564,174000.0
2314567,190000.0
2314568,98000.0
2314569,285000.0
2314570,82819.565
2314571,324000.0
2314572,377500.0
2314573,377500.0
2314579,57155.565
2314580,170000.0
2314581,192500.0
2314583,138000.0
2314584,320000.0
2314585,447250.0
2314586,225000.0
2314587,260000.0
2314589,590000.0
2314590,115000.0
2314591,335000.0
2314598,252450.0
2314609,335000.0
2314611,172500.0
2314615,274000.0
2314617,274000.0
2314618,274000.0
2314621,377600.0
2314622,377600.0
2314623,294000.0
2314633,85000.0
2314636,255000.0
2314637,245000.0
2314638,1222500.0
2314641,527500.0
2314645,255000.0
2314648,280000.0
2314649,66500.0
2314660,247500.0
2314662,92500.0
2314666,145000.0
2314670,92200.0
2314672,135000.0
2314673,72850.0
2314674,107000.0
2314684,445000.0
2314692,94000.0
2314693,335000.0
2314695,335000.0
2314696,382500.0
2314712,111174.945
2314714,182500.0
2314716,242500.0
2314741,237000.0
2314743,145600.0
2314745,270000.0
2314746,204500.0
2314790,122000.0
2314791,142000.0
2314792,163500.0
2314793,420000.0
2314815,462500.0
2314841,154500.0
2314842,259000.0
2314883,43000.0
2314910,104000.0
2314913,112500.0
2314915,445000.0
2314929,99250.0
2314931,96500.0
2314936,340000.0
2314937,87500.0
2314940,152000.0
2314950,85000.0
2314967,79922.38
2314971,220000.0
2314972,400000.0
2314976,290000.0
2314977,160000.0
2314979,85000.0
2314985,89920.63
2314987,72500.0
2314989,72500.0
2314990,160000.0
2314994,982500.0
2314996,360000.0
2315001,615000.0
2315003,54000.0
2315004,165000.0
2315008,245000.0
2315020,61500.0
2315023,82000.0
2315026,83000.0
2315033,310000.0
2315107,300000.0
2315110,159450.0
2315113,61500.0
2315116,86000.0
2315117,335000.0
2315131,182500.0
2315153,63000.0
2315159,255000.0
2315163,242500.0
2315171,138500.0
2315172,180000.0
2315173,113000.0
2315184,75000.0
2315185,81000.0
2315186,209750.0
2315188,106000.0
2315201,80500.0
2315215,102779.0
2315220,740000.0
2315221,380000.0
2315225,600000.0
2315227,104000.0
2315231,161330.0
2315235,265000.0
2315237,149150.5
2315238,82000.0
2315244,160000.0
2315245,245000.0
2315258,92784.0
2315268,50500.0
2315274,245000.0
2315275,112450.0
2315278,194000.0
2315299,247500.0
2315300,344000.0
2315301,230000.0
2315302,275000.0
2315334,540000.0
2315336,120000.0
2315363,795000.0
2315407,152500.0
2315416,77500.0
2315419,293900.0
2315420,350000.0
2315424,186000.0
2315429,62500.0
2315435,89500.0
2315438,89500.0
2315440,427950.0
2315441,199000.0
2315442,89500.0
2315547,283000.0
2315555,115000.0
2315558,90000.0
2315559,90000.0
2315560,152500.0
2315572,165800.0
2315583,165800.0
2315677,165800.0
2315679,178500.0
2315689,235000.0
2315695,122500.0
2315696,258376.665
2315915,93401.46
2315919,187500.0
2315923,305500.0
2315924,474376.665
2315925,113250.0
2315967,500000.0
2315968,88450.0
2315972,198500.0
2315973,287500.0
2315979,42000.0
2315980,147500.0
2315989,300000.0
2315999,185000.0
2316000,87450.0
2316030,560000.0
2316031,80950.0
2316033,102000.0
2316036,247000.0
2316037,270000.0
2316046,104000.0
2316047,91800.0
2316051,1350000.0
2316052,101250.0
2316086,94000.0
2316088,178000.0
2316092,228419.9
2316094,227495.58
2316095,155000.0
2316096,292000.0
2316097,302500.0
2316102,200000.0
2316106,105000.0
2316111,226500.0
2316156,162500.0
2316216,103950.0
2316217,235000.0
2316218,691265.5
2316219,157000.0
2316220,67135.0
2316227,175000.0
2316228,198000.0
2316233,279500.0
2316236,146450.0
2316238,100358.95
2316239,57500.0
2316241,66500.0
2316246,123000.0
2316260,945000.0
2316269,1055000.0
2316272,173500.0
2316274,434000.0
2316304,96420.5
2316305,392500.0
2316314,162000.0
2316326,91400.0
2316335,420000.0
2316348,167500.0
2316349,262500.0
2316357,82500.0
2316365,118500.0
2316371,1625000.0
2316373,140000.0
2316374,199750.0
2316375,90000.0
2316380,212450.0
2316385,137000.0
2316390,368000.0
2316392,420000.0
2316400,75000.0
2316402,147500.0
2316416,148000.0
2316418,177500.0
2316422,262000.0
2316438,138500.0
2316441,137500.0
2316447,450000.0
2316450,138500.0
2316451,159200.0
2316452,270000.0
2316453,138500.0
2316454,138500.0
2316455,108950.0
2316457,138500.0
2316461,280000.0
2316465,138500.0
2316467,270000.0
2316472,108950.0
2316473,138500.0
2316476,280000.0
2316477,116000.0
2316478,280000.0
2316479,137500.0
2316480,132500.0
2316481,138500.0
2316482,307500.0
2316483,92000.0
2316486,162500.0
2316487,172500.0
2316488,138500.0
2316490,280000.0
2316492,352500.0
2316493,157500.0
2316494,307500.0
2316505,280000.0
2316506,382500.0
2316532,260000.0
2316537,112500.0
2316540,58000.0
2316541,239000.0
2316543,437500.0
2316547,71000.0
2316548,147000.0
2316551,103000.0
2316554,89000.0
2316562,125000.0
2316566,392500.0
2316567,235000.0
2316571,580000.0
2316575,139750.0
2316578,247500.0
2316607,95000.0
2316608,580000.0
2316609,580000.0
2316615,200000.0
2316616,340000.0
2316618,68500.0
2316620,246500.0
2316629,182500.0
2316631,100000.0
2316634,477500.0
2316635,327500.0
2316649,246500.0
2316653,184929.0
2316691,131500.0
2316698,141000.0
2316765,812500.0
2316776,127000.0
2316782,780000.0
2316802,250000.0
2316810,340000.0
2316811,190000.0
2316812,365000.0
2316817,181000.0
2316818,181000.0
2316819,181000.0
2316820,181000.0
2316822,647500.0
2316824,167500.0
2316826,563000.0
2316828,180000.0
2316833,91500.0
2316842,82750.0
2316849,303750.0
2316856,379000.0
2316859,95000.0
2316860,98508.275
2316874,335000.0
2316887,96500.0
2317083,161500.0
2317087,159000.0
2317105,235000.0
2317107,257500.0
2317114,159000.0
2317117,161500.0
2317473,1450000.0
2317530,97664.52
2317735,138000.0
2318084,459000.0
2318086,272500.0
2318157,73650.0
2318158,345000.0
2318160,120000.0
2318499,120000.0
2318517,254500.0
2318674,107250.0
2319546,1499999.0
2319548,195000.0
2319552,108675.0
2319553,194000.0
2319554,247500.0
2319555,190000.0
2319556,101237.11
2319557,167500.0
2319558,140000.0
2319559,140000.0
2319560,114964.5
2319561,108675.0
2319562,527500.0
2319563,591500.0
2319564,201500.0
2319567,165000.0
2319568,194000.0
2319569,108600.0
2319570,108600.0
2319572,155000.0
2319573,108600.0
2319574,108600.0
2319580,222500.0
2319582,101850.0
2319583,323050.0
2319584,149054.25
2319585,260000.0
2319588,260356.5
2319589,515000.0
2319590,127500.0
2319592,159500.0
2319594,165000.0
2319596,699500.0
2319597,370000.0
2319602,902500.0
2319603,207500.0
2319604,1469500.0
2319605,1469500.0
2319617,417500.0
2319618,289000.0
2319620,139500.0
2319622,153421.0
2319626,227500.0
2319627,371100.0
2319635,210000.0
2319643,194143.5
2319646,273738.465
2319649,128250.0
2319650,97500.0
2319651,133500.0
2319652,111000.0
2319653,151581.0
2319660,100696.5
2319669,85149.475
2319678,112400.0
2319681,79000.0
2319686,107500.0
2319687,615000.0
2319690,137940.145
2319699,510000.0
2319701,1499999.0
2319702,166500.0
2319704,177500.0
2319708,221500.0
2319713,217000.0
2319725,139000.0
2319726,113500.0
2319733,167500.0
2319735,141000.0
2319737,111868.0
2319741,165900.0
2319744,74950.0
2319745,115000.0
2319746,105000.0
2319747,105000.0
2319748,149000.0
2319749,115000.0
2319752,80000.0
2319756,340000.0
2319757,510000.0
2319770,88000.0
2319776,82500.0
2319778,186506.5
2319782,55250.0
2319783,113000.0
2319803,735000.0
2319807,212000.0
2319814,390000.0
2319818,220000.0
2319821,124000.0
2319823,157500.0
2319825,148500.0
2319826,202250.0
2319828,110000.0
2319829,209000.0
2319833,288000.0
2319835,170000.0
2319839,307500.0
2319840,690000.0
2319841,80950.0
2319847,82500.0
2319849,230000.0
2319851,174000.0
2319855,139500.0
2319861,129500.0
2319866,251500.0
2319870,615000.0
2319872,105000.0
2319874,90000.0
2319921,167500.0
2319928,83500.0
2319956,249000.0
2319965,440000.0
2319993,94000.0
2320010,154500.0
2320013,87000.0
2320053,179000.0
2320063,582500.0
2320066,432500.0
2320068,325000.0
2320089,184000.0
2320091,177000.0
2320094,522500.0
2320095,522500.0
2320111,250500.0
2320132,109500.0
2320133,372650.0
2320149,87500.0
2320150,137500.0
2320151,1640000.0
2320152,405000.0
2320153,105000.0
2320161,197500.0
2320165,760000.0
2320172,67000.0
2320173,1469500.0
2320174,139666.5
2320175,695000.0
2320176,102750.0
2320177,475000.0
2320180,215000.0
2320181,310000.0
2320183,82500.0
2320195,118500.0
2320196,112000.0
2320197,81000.0
2320202,99000.0
2320209,355000.0
2320217,242500.0
2320228,251967.7
2320238,199000.0
2320244,260000.0
2320246,490000.0
2320254,1210000.0
2320255,1095000.0
2320256,955000.0
2320257,297000.0
2320267,88000.0
2320272,165000.0
2320273,165000.0
2320274,165000.0
2320275,165000.0
2320276,115000.0
2320277,115000.0
2320278,191500.0
2320282,107500.0
2320284,69000.0
2320297,233352.0
2320314,459000.0
2320315,142500.0
2320321,84092.5
2320323,115000.0
2320324,115000.0
2320325,90000.0
2320326,84092.5
2320329,84092.5
2320331,84092.5
2320332,84092.5
2320334,439500.0
2320335,204500.0
2320339,94637.105
2320340,89900.0
2320342,320000.0
2320345,357500.0
2320355,347500.0
2320366,90000.0
2320372,249500.0
2320381,115000.0
2320382,195000.0
2320385,153500.0
2320387,95397.29
2320388,210000.0
2320390,309000.0
2320391,67500.0
2320395,122900.0
2320397,67500.0
2320402,161500.0
2320416,785000.0
2320417,108595.145
2320419,455000.0
2320423,148500.0
2320433,144250.0
2320450,119828.16
2320463,115843.335
2320465,185000.0
2320469,67000.0
2320470,113000.0
2320472,119828.16
2320474,165000.0
2320477,495000.0
2320478,485000.0
2320479,119828.16
2320481,155000.0
2320484,224999.5
2320486,82950.0
2320487,82000.0
2320488,365000.0
2320490,325000.0
2320493,150000.0
2320495,325000.0
2320496,82950.0
2320501,115000.0
2320502,325000.0
2320505,535000.0
2320521,169500.0
2320523,64000.0
2320529,109500.0
2320531,119000.0
2320534,119828.16
2320535,219000.0
2320536,119828.16
2320550,71500.0
2320551,387500.0
2320556,142500.0
2320558,83500.0
2320568,151000.0
2320579,225000.0
2320581,175000.0
2320584,440000.0
2320587,630000.0
2320600,350000.0
2320603,119828.16
2320615,260000.0
2320617,120000.0
2320618,102500.0
2320619,140220.0
2320620,102000.0
2320622,115200.0
2320624,117500.0
2320625,765000.0
2320630,104500.0
2320643,391245.41
2320644,161000.0
2320654,510000.0
2320665,340000.0
2320667,207500.0
2320669,150963.0
2320671,120000.0
2320674,67527.95
2320676,280000.0
2320695,85950.0
2320696,980000.0
2320700,190000.0
2320702,198253.485
2320708,945000.0
2320714,212000.0
2320733,66500.0
2320736,77000.0
2320737,250000.0
2320738,151750.0
2320744,1250000.0
2320745,140000.0
2320747,162949.515
2320751,259500.0
2320752,224000.0
2320753,160950.0
2320770,144500.0
2320772,70000.0
2320773,280000.0
2320775,230000.0
2320784,235000.0
2320786,390000.0
2320791,111000.0
2320792,295000.0
2320793,158000.0
2320797,265000.0
2320798,198000.0
2320813,97500.0
2320814,101000.0
2320817,195000.0
2320818,352500.0
2320825,69500.0
2320830,167000.0
2320833,437500.0
2320835,205000.0
2320837,437500.0
2320839,305000.0
2320842,72500.0
2320848,247500.0
2320850,247500.0
2320851,247500.0
2320853,247500.0
2320855,162500.0
2320856,225000.0
2320861,162500.0
2320863,103500.0
2320869,101000.0
2320880,180000.0
2320885,357500.0
2320887,102450.0
2320890,207500.0
2320899,112000.0
2320900,409000.0
2320919,527500.0
2320923,188461.77
2320926,162250.0
2320929,425000.0
2320930,72500.0
2320935,117500.0
2320938,164750.0
2320939,285000.0
2320940,85950.0
2320944,167500.0
2320945,86000.0
2320946,86000.0
2320948,77400.0
2320949,117500.0
2320952,99500.0
2320954,185000.0
2320965,77979.35
2320997,345000.0
2320998,142500.0
2320999,148000.0
2321000,370000.0
2321004,123696.68
2321006,127500.0
2321008,69600.0
2321009,124500.0
2321010,214000.0
2321012,108950.0
2321017,134000.0
2321027,284000.0
2321028,117500.0
2321029,267500.0
2321031,99650.0
2321032,280000.0
2321035,605000.0
2321036,132450.0
2321056,168000.0
2321059,735000.0
2321062,322500.0
2321063,1010000.0
2321064,224500.0
2321065,94000.0
2321067,171000.0
2321068,195000.0
2321070,87500.0
2321071,262500.0
2321072,552500.0
2321073,790000.0
2321074,177000.0
2321075,133568.5
2321076,118500.0
2321080,105050.0
2321081,1010000.0
2321082,116000.0
2321083,238000.0
2321084,109000.0
2321085,138500.0
2321086,78500.0
2321087,61000.0
2321088,160000.0
2321089,86450.0
2321090,178000.0
2321091,427950.0
2321092,179000.0
2321093,177500.0
2321094,70750.0
2321095,92250.0
2321096,87000.0
2321099,415000.0
2321100,182000.0
2321104,117500.0
2321105,280000.0
2321108,279000.0
2321109,117750.0
2321110,137500.0
2321111,345500.0
2321112,281815.0
2321113,281815.0
2321114,130100.0
2321115,353000.0
2321124,287500.0
2321125,98914.345
2321129,362500.0
2321133,147500.0
2321136,121000.0
2321140,154500.0
2321141,103000.0
2321142,103000.0
2321146,103000.0
2321147,78000.0
2321149,103000.0
2321151,103000.0
2321152,108500.0
2321154,275000.0
2321156,122000.0
2321157,92500.0
2321158,66125.0
2321159,122000.0
2321160,66125.0
2321161,114000.0
2321162,201000.0
2321163,92500.0
2321164,167750.0
2321165,201000.0
2321166,122000.0
2321167,187500.0
2321168,92500.0
2321169,81705.5
2321170,167750.0
2321171,201000.0
2321172,177500.0
2321173,92500.0
2321174,280000.0
2321175,272000.0
2321176,81705.5
2321177,201000.0
2321178,177500.0
2321179,92500.0
2321180,92500.0
2321181,92500.0
2321182,87000.0
2321186,290000.0
2321188,120000.0
2321189,158944.5
2321190,100000.0
2321191,209500.0
2321214,149000.0
2321216,153950.0
2321221,280000.0
2321222,175000.0
2321240,210950.0
2321241,100000.0
2321243,185000.0
2321244,440000.0
2321246,221500.0
2321251,92500.0
2321256,800000.0
2321257,166925.0
2321258,176500.0
2321260,590000.0
2321261,84200.0
2321268,215160.315
2321269,340000.0
2321274,92250.0
2321276,152500.0
2321280,89570.0
2321281,224000.0
2321297,170000.0
2321299,184000.0
2321303,95500.0
2321304,245000.0
2321305,245000.0
2321306,137500.0
2321308,92000.0
2321311,87000.0
2321312,166500.0
2321313,312500.0
2321314,205000.0
2321315,142500.0
2321316,890000.0
2321317,325000.0
2321318,270000.0
2321319,615000.0
2321321,64250.0
2321323,420000.0
2321325,179000.0
2321332,107000.0
2321334,180000.0
2321335,205000.0
2321336,99000.0
2321338,75500.0
2321340,329000.0
2321341,329000.0
2321347,172500.0
2321355,325000.0
2321360,185000.0
2321362,1130000.0
2321364,88500.0
2321367,267500.0
2321370,202000.0
2321373,200000.0
2321374,187000.0
2321376,177000.0
2321377,302000.0
2321378,259000.0
2321379,267500.0
2321380,130000.0
2321382,317500.0
2321399,221450.0
2321401,492500.0
2321402,129000.0
2321403,294000.0
2321405,657500.0
2321406,134500.0
2321526,102500.0
2321527,120000.0
2321529,1250000.0
2321548,83500.0
2321622,114152.99
2321670,425000.0
2321672,143250.0
2321676,119000.0
2321677,118125.0
2321692,860000.0
2321742,262000.0
2321776,92000.0
2321804,300000.0
2321838,107000.0
2321839,102000.0
2321840,93750.0
2321842,359000.0
2321852,113500.0
2321853,239120.095
2321857,102000.0
2321859,123000.0
2321862,157500.0
2321863,235000.0
2321875,130000.0
2321880,144500.0
2321881,139974.0
2321888,298000.0
2321897,127500.0
2321917,127500.0
2321923,193750.0
2321924,308500.0
2321928,121350.0
2321931,83500.0
2321952,112500.0
2321953,158964.41
2321957,150806.0
2321958,61675.76
2321963,160000.0
2321966,267500.0
2321967,157500.0
2321983,90000.0
2321986,85950.0
2321987,85950.0
2321988,137500.0
2321989,265000.0
2321992,162500.0
2321993,172500.0
2321995,95000.0
2322011,109000.0
2322012,550000.0
2322014,95000.0
2322015,150806.0
2322016,150806.0
2322019,270000.0
2322020,272000.0
2322022,193750.0
2322028,270000.0
2322035,165000.0
2322036,170400.0
2322037,1000000.0
2322038,547500.0
2322040,64500.0
2322045,187500.0
2322054,98450.0
2322061,509000.0
2322092,77150.0
2322093,162500.0
2322094,157500.0
2322096,222500.0
2322109,313500.0
2322116,139500.0
2322117,139500.0
2322127,71000.0
2322142,95500.0
2322143,189500.0
2322144,180000.0
2322148,295000.0
2322150,500000.0
2322154,287500.0
2322157,130000.0
2322158,117900.0
2322159,287500.0
2322161,174500.0
2322162,128000.0
2322182,99500.0
2322183,1295000.0
2322186,284000.0
2322194,207500.0
2322199,84750.0
2322203,173250.0
2322204,256500.0
2322210,315000.0
2322213,142500.0
2322214,403000.0
2322237,77000.0
2322245,403000.0
2322246,403000.0
2322256,95000.0
2322258,235000.0
2322267,57500.0
2322310,480492.5
2322312,67500.0
2322323,180000.0
2322326,98000.0
2322336,435000.0
2322344,262500.0
2322347,208000.0
2322348,108500.0
2322349,128500.0
2322359,111700.0
2322364,140000.0
2322377,155750.0
2322385,249000.0
2322387,166000.0
2322389,202500.0
2322395,115000.0
2322401,179437.265
2322404,840000.0
2322419,527500.0
2322431,67750.0
2322435,92500.0
2322436,203500.0
2322445,129000.0
2322447,275000.0
2322450,415000.0
2322452,114000.0
2322458,238000.0
2322463,92500.0
2322472,407500.0
2322477,315000.0
2322482,1875000.0
2322491,310000.0
2322492,840000.0
2322494,372500.0
2322495,74500.0
2322497,1875000.0
2322501,85486.5
2322506,247500.0
2322507,118750.0
2322514,119000.0
2322519,119000.0
2322524,172500.0
2322530,722500.0
2322531,322500.0
2322537,147592.29
2322538,275000.0
2322539,274600.0
2322540,242500.0
2322542,450000.0
2322543,87500.0
2322550,68000.0
2322552,130500.0
2322579,62750.0
2322581,669500.0
2322584,169000.0
2322585,252500.0
2322588,347500.0
2322589,118000.0
2322594,157677.5
2322600,140000.0
2322606,434500.0
2322609,315000.0
2322611,125000.0
2322613,187500.0
2322615,200000.0
2322616,103750.0
2322617,177250.0
2322618,347000.0
2322619,195000.0
2322620,165000.0
2322621,96500.0
2322622,119000.0
2322623,230000.0
2322624,158437.265
2322625,205000.0
2322629,147500.0
2322630,90700.0
2322632,380000.0
2322635,405000.0
2322636,205000.0
2322637,130000.0
2322638,310000.0
2322640,875000.0
2322642,147785.0
2322643,147785.0
2322644,444000.0
2322657,104075.0
2322658,116500.0
2322659,84750.0
2322660,75535.5
2322661,116500.0
2322662,116500.0
2322663,216500.0
2322667,339000.0
2322674,240000.0
2322675,297450.0
2322677,116500.0
2322681,241500.0
2322683,329500.0
2322686,97400.0
2322687,329500.0
2322688,1469500.0
2322689,280000.0
2322690,81500.0
2322693,87500.0
2322695,135000.0
2322697,300000.0
2322699,163709.57
2322700,124500.0
2322705,400000.0
2322706,104000.0
2322708,145000.0
2322710,96500.0
2322711,137000.0
2322713,148000.0
2322722,83300.0
2322725,131000.0
2322731,246791.385
2322732,170000.0
2322733,119500.0
2322735,131000.0
2322741,169500.0
2322743,220000.0
2322746,97500.0
2322754,965000.0
2322762,87500.0
2322763,349000.0
2322769,247000.0
2322775,207500.0
2322779,170000.0
2322781,377500.0
2322783,185000.0
2322788,450000.0
2322833,185000.0
2322843,80000.0
2322877,105000.0
2322887,97500.0
2322894,109000.0
2322896,116000.0
2322902,64250.0
2322903,93500.0
2322909,134000.0
2322916,237500.0
2322918,60000.0
2322968,340000.0
2322995,582500.0
2322996,582500.0
2322997,469500.0
2322998,1005000.0
2322999,815000.0
2323000,432500.0
2323001,432500.0
2323003,565000.0
2323005,665000.0
2323006,582500.0
2323007,772021.5
2323008,582500.0
2323100,200000.0
2323222,106500.0
2323224,131500.0
2323230,431500.0
2323235,1095000.0
2323236,180000.0
2323237,180000.0
2323239,1300000.0
2323241,925000.0
2323242,295000.0
2323244,827691.5
2323265,235000.0
2323266,292500.0
2323267,195000.0
2323269,91000.0
2323272,125000.0
2323274,82750.0
2323297,870000.0
2323300,252500.0
2323301,215000.0
2323303,215000.0
2323304,108500.0
2323307,239500.0
2323308,104500.0
2323310,76391.96
2323312,76391.96
2323313,98500.0
2323314,98500.0
2323315,252500.0
2323316,292500.0
2323317,292500.0
2323318,292500.0
2323319,292500.0
2323323,538700.0
2323349,82500.0
2323360,55000.0
2323367,128500.0
2323369,162500.0
2323375,137500.0
2323377,67500.0
2323380,111000.0
2323382,121000.0
2323384,202500.0
2323385,940000.0
2323386,121000.0
2323388,158500.0
2323411,647500.0
2323412,122500.0
2323413,102500.0
2323414,114152.99
2323421,122500.0
2323422,522500.0
2323425,425000.0
2323428,202500.0
2323430,122500.0
2323432,95000.0
2323434,115843.335
2323441,183500.0
2323442,127500.0
2323443,225000.0
2323444,365000.0
2323445,432500.0
2323450,242000.0
2323455,71500.0
2323456,228500.0
2323459,260800.0
2323463,282080.0
2323465,647500.0
2323466,86950.0
2323469,110750.0
2323470,204500.0
2323471,650000.0
2323472,87000.0
2323479,238500.0
2323480,295000.0
2323481,82500.0
2323485,184000.0
2323489,463500.0
2323490,162000.0
2323491,69750.0
2323493,235000.0
2323496,87000.0
2323497,127500.0
2323500,395000.0
2323509,420000.0
2323511,185000.0
2323515,375000.0
2323516,418000.0
2323517,87200.0
2323518,87000.0
2323519,183500.0
2323520,78500.0
2323528,143500.0
2323529,869000.0
2323530,143500.0
2323537,131000.0
2323543,540000.0
2323544,430000.0
2323545,240000.0
2323546,265000.0
2323553,1325000.0
2323555,317500.0
2323564,480000.0
2323567,305000.0
2323568,62000.0
2323569,480000.0
2323577,55250.0
2323588,68000.0
2323594,245000.0
2323596,300000.0
2323598,212000.0
2323599,310000.0
2323600,125000.0
2323604,102500.0
2323610,269750.0
2323613,180000.0
2323614,143400.0
2323616,174500.0
2323619,200000.0
2323632,174950.0
2323633,153627.65
2323649,162150.0
2323665,210000.0
2323671,202000.0
2323672,190000.0
2323673,127305.0
2323676,156500.0
2323684,710000.0
2323686,116500.0
2323690,344500.0
2323694,160000.0
2323696,62500.0
2323698,136500.0
2323699,195307.5
2323700,249000.0
2323709,450000.0
2323711,212500.0
2323716,170000.0
2323727,105000.0
2323732,445000.0
2323737,587500.0
2323799,466500.0
2323830,173508.0
2323831,307500.0
2323857,195000.0
2323858,292500.0
2323859,205000.0
2323862,192000.0
2323868,131500.0
2323870,101876.785
2323875,162000.0
2323878,102500.0
2323881,153500.0
2323882,195000.0
2323887,100000.0
2323889,124500.0
2323894,466500.0
2323897,127000.0
2323899,265500.0
2323912,195000.0
2323915,79000.0
2323916,68650.0
2323917,102500.0
2323918,84000.0
2323924,147925.0
2323929,75000.0
2323930,70000.0
2323933,119750.0
2323942,297000.0
2323952,108500.0
2323961,80000.0
2323963,485000.0
2323964,74000.0
2323967,185500.0
2323969,88000.0
2323972,165500.0
2323980,170500.0
2323981,1222500.0
2323982,233250.0
2323984,122500.0
2323986,154000.0
2323990,117500.0
2323992,81109.77
2323994,115000.0
2323998,205000.0
2324005,290000.0
2324007,295000.0
2324025,499000.0
2324029,395000.0
2324030,104500.0
2324033,370000.0
2324035,121831.0
2324036,282500.0
2324037,272500.0
2324038,88450.0
2324041,204500.0
2324043,156500.0
2324044,515000.0
2324047,66500.0
2324051,84732.515
2324055,57155.565
2324056,57155.565
2324057,57155.565
2324058,251178.0
2324059,454850.0
2324064,123000.0
2324065,87500.0
2324069,84000.0
2324073,137500.0
2324075,450000.0
2324099,151650.0
2324100,150000.0
2324194,115900.0
2324195,420000.0
2324196,83400.0
2324198,115900.0
2324200,83400.0
2324201,83400.0
2324202,83400.0
2324203,177250.0
2324204,59500.0
2324205,207000.0
2324206,174000.0
2324207,550000.0
2324220,352500.0
2324221,182500.0
2324227,210000.0
2324228,154500.0
2324230,117500.0
2324232,153000.0
2324236,124500.0
2324238,404500.0
2324239,1095000.0
2324240,110000.0
2324252,264500.0
2324254,575000.0
2324255,108500.0
2324263,144125.92
2324265,83000.0
2324318,112000.0
2324319,140000.0
2324361,575000.0
2324374,275000.0
2324378,440000.0
2324379,447499.5
2324380,220000.0
2324381,185500.0
2324382,284950.0
2324385,150900.0
2324401,100500.0
2324405,125000.0
2324409,65587.53
2324411,235000.0
2324412,151000.0
2324460,69500.0
2324461,143849.73
2324482,105000.0
2324484,72500.0
2324491,372500.0
2324499,344250.0
2324500,91000.0
2324501,69750.0
2324506,72340.0
2324530,215000.0
2324531,142500.0
2324553,165000.0
2324561,335000.0
2324562,145200.0
2324568,100000.0
2324569,137500.0
2324578,115000.0
2324585,177900.0
2324596,87500.0
2324603,107500.0
2324604,56000.0
2324605,325000.0
2324608,146500.0
2324617,200000.0
2324633,208000.0
2324819,151450.0
2324820,151450.0
2324821,151450.0
2324822,127500.0
2324823,127500.0
2324824,127500.0
2324825,127500.0
2324826,127500.0
2324827,127500.0
2324828,127500.0
2324829,127500.0
2324830,127500.0
2324831,127500.0
2324832,127500.0
2324943,70250.0
2324946,164500.0
2324948,199250.0
2324954,137000.0
2324957,590000.0
2324961,229000.0
2324965,75000.0
2324968,160000.0
2324973,110550.0
2324979,110000.0
2324995,130750.0
2325003,84300.0
2325004,380000.0
2325009,176833.0
2325035,259500.0
2325036,259500.0
2325037,229000.0
2325038,229000.0
2325049,120000.0
2325051,295000.0
2325052,120000.0
2325053,265000.0
2325059,377500.0
2325066,507500.0
2325069,250000.0
2325073,178500.0
2325082,57000.0
2325101,210000.0
2325114,159750.0
2325124,265500.0
2325156,300000.0
2325158,109500.0
2325170,139000.0
2325173,70750.0
2325175,121500.0
2325183,135000.0
2325192,135000.0
2325193,135000.0
2325198,132500.0
2325205,710000.0
2325210,133000.0
2325211,133000.0
2325212,332500.0
2325214,385000.0
2325218,545000.0
2325219,385000.0
2325221,237600.0
2325222,119000.0
2325223,133000.0
2325226,179500.0
2325228,179500.0
2325229,179500.0
2325230,179500.0
2325238,137500.0
2325276,105000.0
2325284,395000.0
2325328,138750.0
2325329,180000.0
2325338,101000.0
2325348,289000.0
2325351,92500.0
2325356,118500.0
2325364,172000.0
2325368,161000.0
2325369,245000.0
2325388,124042.5
2325389,385000.0
2325397,72000.0
2325398,108750.0
2325407,137000.0
2325409,264500.0
2325415,350217.5
2325422,152500.0
2325427,150500.0
2325430,152500.0
2325431,165800.0
2325437,165800.0
2325444,94500.0
2325447,165800.0
2325501,385000.0
2325515,450000.0
2325517,155500.0
2325518,76750.0
2325519,154500.0
2325520,232500.0
2325521,222500.0
2325525,252500.0
2325526,201000.0
2325529,95831.0
2325530,82500.0
2325531,95831.0
2325533,95831.0
2325534,119500.0
2325535,119500.0
2325542,97500.0
2325548,151000.0
2325552,215000.0
2325555,119000.0
2325557,425000.0
2325558,175000.0
2325564,63000.0
2325569,106500.0
2325570,121000.0
2325578,170000.0
2325588,67750.0
2325591,625000.0
2325593,71000.0
2325594,275000.0
2325596,450000.0
2325603,56750.0
2325604,149000.0
2325607,286500.0
2325620,293636.885
2325621,250000.0
2325622,205000.0
2325623,311332.0
2325624,222390.0
2325625,438200.0
2325626,269500.0
2325627,186668.5
2325628,428200.5
2325629,195074.945
2325630,147000.0
2325631,142500.0
2325632,121000.0
2325633,121000.0
2325634,121000.0
2325635,147500.0
2325636,362500.0
2325637,102500.0
2325638,178000.0
2325639,148500.0
2325640,157100.0
2325641,126500.0
2325642,100000.0
2325643,79500.0
2325644,138000.0
2325645,100500.0
2325646,102500.0
2325647,178000.0
2325648,247500.0
2325649,148500.0
2325650,157100.0
2325651,97500.0
2325652,142500.0
2325653,121000.0
2325654,121000.0
2325655,151500.0
2325656,171677.0
2325657,178000.0
2325658,148500.0
2325659,200000.0
2325660,102500.0
2325661,178000.0
2325662,138000.0
2325663,142500.0
2325664,121000.0
2325665,121000.0
2325666,102500.0
2325667,148500.0
2325668,157100.0
2325669,97500.0
2325670,100000.0
2325671,79500.0
2325672,138000.0
2325673,142500.0
2325674,121000.0
2325675,121000.0
2325676,282500.0
2325677,102500.0
2325678,247500.0
2325679,157100.0
2325680,148500.0
2325681,97500.0
2325682,100000.0
2325683,79500.0
2325684,142500.0
2325685,121000.0
2325686,121000.0
2325687,121000.0
2325688,236000.0
2325689,282500.0
2325690,171677.0
2325691,247500.0
2325692,148500.0
2325693,198000.0
2325694,148500.0
2325695,115000.0
2325696,464000.0
2325697,374000.0
2325698,102500.0
2325699,247500.0
2325700,157100.0
2325701,360000.0
2325702,562500.0
2325703,282500.0
2325704,171677.0
2325705,247500.0
2325706,562500.0
2325707,1050000.0
2325708,304000.0
2325709,680000.0
2325710,417000.0
2325711,274000.0
2325712,680000.0
2325713,417000.0
2325714,304000.0
2325715,680000.0
2325716,417000.0
2325717,304000.0
2325718,330000.0
2325719,417000.0
2325720,304000.0
2325721,680000.0
2325722,417000.0
2325723,304000.0
2325724,680000.0
2325725,417000.0
2325726,775000.0
2325729,355000.0
2325730,940000.0
2325732,355000.0
2325740,375000.0
2325742,355000.0
2325743,355000.0
2325744,355000.0
2325747,645000.0
2325748,399500.0
2325751,355000.0
2325752,355000.0
2325753,355000.0
2325756,82500.0
2325759,173508.0
2325775,162500.0
2325789,121500.0
2325790,110000.0
2325799,55000.0
2325801,103750.0
2325802,103750.0
2325803,122500.0
2325804,103750.0
2325805,103750.0
2325806,103750.0
2325807,122500.0
2325808,103750.0
2325809,103750.0
2325810,103750.0
2325811,122500.0
2325812,103750.0
2325813,98000.0
2325814,95000.0
2325815,103750.0
2325816,122500.0
2325817,103750.0
2325818,103750.0
2325819,95000.0
2325820,103750.0
2325821,103750.0
2325822,95000.0
2325823,103750.0
2325824,122500.0
2325825,103750.0
2325826,90000.0
2325827,95000.0
2325828,103750.0
2325829,103750.0
2325830,95000.0
2325831,103750.0
2325832,275000.0
2325844,97500.0
2325848,168500.0
2325858,76500.0
2325859,76500.0
2325860,76500.0
2325861,66500.0
2325862,66500.0
2325863,76500.0
2325864,66500.0
2325865,66500.0
2325866,66500.0
2325867,164000.0
2325870,422500.0
2325871,205000.0
2325881,61500.0
2325895,212500.0
2325912,108000.0
2325915,85000.0
2325923,347000.0
2325928,82500.0
2325929,131000.0
2325930,166000.0
2325931,970000.0
2325932,185387.07
2325933,175000.0
2325934,129500.0
2325937,135000.0
2325938,75500.0
2325940,1085000.0
2325941,624000.0
2325946,80000.0
2325949,95450.0
2325950,223000.0
2325952,245000.0
2325953,360000.0
2325973,98000.0
2325986,232000.0
2325993,92500.0
2325997,64500.0
2325998,141500.0
2325999,692192.55
2326000,117500.0
2326002,60000.0
2326003,355000.0
2326004,101500.0
2326005,292500.0
2326008,720000.0
2326263,127500.0
2326272,152000.0
2326293,116500.0
2326365,128500.0
2326392,83900.0
2326397,78450.0
2326398,78450.0
2326400,78450.0
2326402,78450.0
2326415,152000.0
2326428,222500.0
2326432,565000.0
2326435,142412.5
2326436,214000.0
2326445,325000.0
2326452,85360.0
2326455,82550.0
2326467,380000.0
2326518,669500.0
2326527,133500.0
2326545,85000.0
2326548,82500.0
2326557,249000.0
2326560,107500.0
2326588,110000.0
2326591,117500.0
2326609,84500.0
2326625,1100000.0
2326633,178000.0
2326635,1100000.0
2326653,780000.0
2326654,147500.0
2326656,202500.0
2326662,68000.0
2326667,86679.755
2326671,159500.0
2326716,124250.0
2326735,117500.0
2326746,249000.0
2326753,268500.0
2326760,84707.715
2326762,320500.0
2326765,284500.0
2326788,660000.0
2326795,229500.0
2326806,111500.0
2326813,84000.0
2326816,509000.0
2326826,399500.0
2326832,134250.0
2326835,209500.0
2326844,775500.0
2326852,267500.0
2326879,144500.0
2327029,450000.0
2327030,365000.0
2327106,287000.0
2327119,99000.0
2327120,315000.0
2327121,78209.735
2327123,365000.0
2327124,82819.565
2327134,185000.0
2327135,185000.0
2327138,237500.0
2327143,812500.0
2327154,299000.0
2327156,90000.0
2327159,100000.0
2327162,96000.0
2327167,111000.0
2327168,238300.0
2327170,245156.75
2327175,141500.0
2327192,97500.0
2327194,108000.0
2327200,47500.0
2327201,70000.0
2327202,52500.0
2327206,139073.46
2327211,75000.0
2327219,105843.335
2327222,183500.0
2327224,180000.0
2327225,745000.0
2327226,263500.0
2327231,101000.0
2327232,184500.0
2327234,127500.0
2327240,85000.0
2327253,62500.0
2327272,165000.0
2327284,147925.0
2327287,339000.0
2327288,43950.0
2327289,1050000.0
2327290,420000.0
2327291,337500.0
2327292,94500.0
2327293,1060000.0
2327295,254000.0
2327300,187500.0
2327301,122000.0
2327302,86000.0
2327303,212500.0
2327304,245000.0
2327307,200000.0
2327310,82500.0
2327334,235000.0
2327350,317500.0
2327357,149000.0
2327358,539500.0
2327365,238500.0
2327366,1450000.0
2327367,345000.0
2327373,299250.0
2327374,299250.0
2327388,310000.0
2327389,152500.0
2327390,192500.0
2327396,120000.0
2327399,130000.0
2327400,365000.0
2327401,350000.0
2327402,255000.0
2327403,377500.0
2327405,422500.0
2327411,133000.0
2327412,122000.0
2327413,308500.0
2327416,86000.0
2327418,293500.0
2327421,164500.0
2327423,254500.0
2327424,254500.0
2327520,295000.0
2327523,232500.0
2327524,172500.0
2327526,265000.0
2327527,200000.0
2327529,265000.0
2327533,230000.0
2327534,122000.0
2327536,130000.0
2327538,106500.0
2327540,332500.0
2327546,280000.0
2327547,175000.0
2327548,190000.0
2327550,141500.0
2327558,150000.0
2327559,280950.0
2327560,185942.595
2327561,669500.0
2327563,215578.0
2327564,195000.0
2327565,77000.0
2327567,222500.0
2327568,112500.0
2327586,87000.0
2327587,141000.0
2327588,65000.0
2327589,121500.0
2327590,110500.0
2327592,116500.0
2327594,291000.0
2327596,232500.0
2327599,81000.0
2327600,480000.0
2327602,119500.0
2327603,77000.0
2327604,82500.0
2327607,495000.0
2327609,71500.0
2327610,114750.0
2327612,180000.0
2327614,146000.0
2327615,211500.0
2327616,114750.0
2327617,513696.0
2327620,146000.0
2327621,125000.0
2327639,93029.47
2327641,592500.0
2327644,540000.0
2327648,110000.0
2327650,78750.0
2327651,258000.0
2327652,81092.0
2327653,221369.5
2327654,190000.0
2327658,494000.0
2327659,242500.0
2327660,154000.0
2327661,187500.0
2327662,237500.0
2327663,72000.0
2327667,313500.0
2327668,500000.0
2327669,373500.0
2327670,137000.0
2327671,84999.5
2327672,158000.0
2327675,145000.0
2327676,237500.0
2327677,108750.0
2327678,108750.0
2327679,230000.0
2327680,230000.0
2327681,402500.0
2327728,104500.0
2327729,307500.0
2327730,95000.0
2327731,112950.0
2327740,131500.0
2327742,270000.0
2327744,97500.0
2327748,95000.0
2327749,168000.0
2327757,345000.0
2327758,365000.0
2327759,297154.5
2327764,149000.0
2327770,125000.0
2327771,77500.0
2327772,135000.0
2327773,187500.0
2327775,345000.0
2327778,116649.0
2327779,133500.0
2327780,360000.0
2327781,62500.0
2327782,111500.0
2327783,81000.0
2327784,145000.0
2327785,197500.0
2327787,129500.0
2327788,105000.0
2327789,119000.0
2327790,374200.0
2327791,96500.0
2327792,100000.0
2327799,205500.0
2327802,205500.0
2327803,205500.0
2327804,110000.0
2327806,110000.0
2327816,264500.0
2327821,127500.0
2327823,263000.0
2327827,285000.0
2327828,205000.0
2327829,237500.0
2327830,70000.0
2327831,105000.0
2327834,79500.0
2327835,184500.0
2327837,122500.0
2327839,167500.0
2327842,148000.0
2327843,155700.0
2327845,256250.0
2327846,84000.0
2327847,126950.0
2327848,126950.0
2327849,126950.0
2327850,126950.0
2327851,126950.0
2327852,126950.0
2327853,126950.0
2327854,120000.0
2327855,120000.0
2327856,120000.0
2327858,120000.0
2327859,120000.0
2327860,120000.0
2327861,159500.0
2327862,165000.0
2327863,165000.0
2327864,165000.0
2327865,165000.0
2327866,165000.0
2327867,165000.0
2327868,165000.0
2327869,120000.0
2327870,126950.0
2327871,126950.0
2327872,97750.0
2327873,97750.0
2327874,97750.0
2327875,175700.0
2327876,139500.0
2327879,292500.0
2327883,83500.0
2327884,309500.0
2327889,167500.0
2327890,167500.0
2327891,301500.0
2327899,322500.0
2327900,322500.0
2327901,322500.0
2327902,322500.0
2327904,322500.0
2327905,322500.0
2327906,322500.0
2327909,158000.0
2327910,158000.0
2327911,158000.0
2327912,158000.0
2327915,119899.5
2327916,119899.5
2327917,119899.5
2327918,119899.5
2327920,100407.63
2327922,104500.0
2327923,104500.0
2327924,100407.63
2327925,104500.0
2327926,125000.0
2327927,125000.0
2327939,157000.0
2327940,85000.0
2327951,254000.0
2327953,72000.0
2327954,168000.0
2327962,304500.0
2327965,194000.0
2327966,197500.0
2327967,305000.0
2327968,97500.0
2327969,151500.0
2327970,120000.0
2327971,137500.0
2327972,159000.0
2327973,182500.0
2327977,52500.0
2327979,210000.0
2327985,152500.0
2327990,215000.0
2327991,226450.0
2327992,155000.0
2327993,222500.0
2327994,142500.0
2327995,108500.0
2327996,222500.0
2327997,142500.0
2327998,108500.0
2327999,82500.0
2328000,156500.0
2328001,82500.0
2328002,156500.0
2328003,222500.0
2328004,82500.0
2328005,156500.0
2328006,133400.0
2328007,82500.0
2328008,156500.0
2328009,160000.0
2328010,66500.0
2328011,102450.0
2328012,193500.0
2328013,79000.0
2328014,94000.0
2328018,94500.0
2328019,94500.0
2328025,213500.0
2328026,267500.0
2328046,124950.0
2328048,437500.0
2328054,177250.0
2328060,269000.0
2328061,215000.0
2328083,92500.0
2328084,346000.0
2328086,142000.0
2328087,110000.0
2328088,430000.0
2328095,94500.0
2328097,209555.72
2328098,139900.0
2328101,242500.0
2328105,229500.0
2328107,171000.0
2328108,171000.0
2328110,171000.0
2328111,191500.0
2328112,550000.0
2328113,365000.0
2328114,360000.0
2328115,422500.0
2328116,715000.0
2328120,370000.0
2328133,300000.0
2328134,700000.0
2328135,700000.0
2328144,432500.0
2328146,305000.0
2328189,99000.0
2328190,270000.0
2328194,307500.0
2328195,245000.0
2328196,167500.0
2328197,71500.0
2328198,237500.0
2328199,105000.0
2328200,51543.26
2328201,154000.0
2328203,80000.0
2328204,324500.0
2328206,177345.5
2328212,394371.0
2328213,222000.0
2328221,300000.0
2328222,91500.0
2328223,55691.74
2328226,80000.0
2328227,246650.0
2328232,88500.0
2328233,112000.0
2328238,330000.0
2328239,557500.0
2328240,177500.0
2328241,482000.0
2328242,58500.0
2328243,242500.0
2328244,157000.0
2328245,235000.0
2328247,450000.0
2328264,93450.0
2328265,164000.0
2328271,220000.0
2328274,115000.0
2328277,210000.0
2328295,240150.0
2328296,337500.0
2328297,202000.0
2328298,122000.0
2328300,76000.0
2328306,475000.0
2328313,139000.0
2328315,347500.0
2328318,134000.0
2328320,80750.0
2328321,237000.0
2328322,189500.0
2328324,245000.0
2328325,290000.0
2328326,174000.0
2328328,169900.0
2328330,99000.0
2328332,329500.0
2328333,95500.0
2328335,124000.0
2328336,227500.0
2328348,233500.0
2328366,136000.0
2328367,246500.0
2328369,109500.0
2328371,133500.0
2328375,785900.0
2328378,65750.0
2328381,146090.945
2328383,115500.0
2328385,180250.0
2328388,97500.0
2328390,192500.0
2328392,194000.0
2328393,97500.0
2328396,149000.0
2328399,185000.0
2328400,105000.0
2328401,205000.0
2328402,75000.0
2328403,315000.0
2328404,304500.0
2328416,200000.0
2328419,111300.075
2328420,82500.0
2328437,202250.0
2328438,202250.0
2328439,134500.0
2328440,134500.0
2328441,134500.0
2328442,171500.0
2328443,109000.0
2328444,95000.0
2328447,1735000.0
2328448,1469500.0
2328449,217500.0
2328453,95000.0
2328457,185500.0
2328469,75000.0
2328481,255000.0
2328482,148372.0
2328483,195000.0
2328484,187000.0
2328485,737500.0
2328487,102500.0
2328488,108000.0
2328489,84000.0
2328510,168450.0
2328512,170500.0
2328513,115000.0
2328514,115000.0
2328515,115000.0
2328517,100500.0
2328518,106500.0
2328523,649000.0
2328524,586500.0
2328525,97000.0
2328526,227250.0
2328527,118500.0
2328528,247500.0
2328529,398500.0
2328530,101500.0
2328531,118500.0
2328532,101500.0
2328533,132500.0
2328534,150000.0
2328536,195000.0
2328538,52707.715
2328545,119500.0
2328547,87500.0
2328555,152000.0
2328561,365000.0
2328562,410000.0
2328567,89000.0
2328568,87000.0
2328569,329500.0
2328570,127500.0
2328593,85149.475
2328601,610000.0
2328603,141250.0
2328647,113450.0
2328648,116500.0
2328651,280000.0
2328652,100000.0
2328677,980000.0
2328678,980000.0
2328680,141000.0
2328684,84600.0
2328686,700000.0
2328687,290000.0
2328689,247500.0
2328692,640000.0
2328695,674500.0
2328792,154500.0
2328793,154500.0
2328794,154500.0
2328795,154500.0
2328894,1264500.0
2329070,83900.0
2329071,83900.0
2329076,282000.0
2329078,455000.0
2329160,305000.0
2329220,145000.0
2329228,78750.0
2329264,142000.0
2329294,221000.0
2329334,166588.0
2329403,122900.0
2329435,284950.0
2329438,357500.0
2329450,248500.0
2329453,248500.0
2329455,248500.0
2329539,220000.0
2329558,167000.0
2329560,188000.0
2329561,166334.5
2329581,83500.0
2329582,83500.0
2329583,109500.0
2329584,83500.0
2329585,83500.0
2329586,83500.0
2329587,83500.0
2329588,83500.0
2329600,115000.0
2329601,115000.0
2329678,100000.0
2329699,111000.0
2329707,195000.0
2329708,142000.0
2329716,94500.0
2329718,185000.0
2329719,145500.0
2329720,227600.0
2329722,129000.0
2329728,143500.0
2329737,1035000.0
2329738,245000.0
2329739,110000.0
2329740,460000.0
2329741,148000.0
2329745,282500.0
2329752,95000.0
2329754,305000.0
2329755,285000.0
2329766,203500.0
2329785,93401.46
2329786,95500.0
2329787,124450.0
2329788,229750.0
2329789,203000.0
2329790,97500.0
2329792,107500.0
2329793,89000.0
2329794,87000.0
2329797,65000.0
2329798,69000.0
2329799,350000.0
2329800,77400.0
2329801,150000.0
2329802,68300.0
2329803,435000.0
2329804,142500.0
2329805,76000.0
2329807,102202.0
2329813,157500.0
2329819,161000.0
2329821,145000.0
2329822,179000.0
2329824,120000.0
2329830,250000.0
2329831,66500.0
2329832,165000.0
2329833,137000.0
2329834,122500.0
2329835,342000.0
2329840,78000.0
2329842,104000.0
2329843,112000.0
2329847,48000.0
2329849,122500.0
2329850,322500.0
2329857,142000.0
2329861,222500.0
2329862,295000.0
2329866,405000.0
2329867,133500.0
2329874,405000.0
2329875,199000.0
2329876,210000.0
2329877,149558.92
2329879,187500.0
2329880,187500.0
2329881,200000.0
2329910,197250.0
2329911,200000.0
2329914,106700.0
2329918,92500.0
2329919,157500.0
2329922,210000.0
2329923,367500.0
2329962,268500.0
2329970,119000.0
2329972,86500.0
2329982,270000.0
2329983,357500.0
2330015,180000.0
2330030,1525000.0
2330031,372500.0
2330032,399500.0
2330033,1187500.0
2330034,292500.0
2330035,153500.0
2330036,485000.0
2330043,70750.0
2330203,455000.0
2330205,319500.0
2330208,231500.0
2330209,231500.0
2330210,247500.0
2330212,231500.0
2330214,455000.0
2330215,68000.0
2330221,249000.0
2330223,299000.0
2330229,640000.0
2330230,930000.0
2330231,430000.0
2330234,185000.0
2330236,141950.0
2330237,495000.0
2330238,198253.485
2330241,312500.0
2330242,154000.0
2330244,327000.0
2330249,128500.0
2330267,60000.0
2330268,170000.0
2330269,89000.0
2330270,81500.0
2330281,123500.0
2330288,59000.0
2330296,900000.0
2330298,51000.0
2330299,69000.0
2330304,182500.0
2330305,55691.74
2330312,60500.0
2330314,99500.0
2330317,55500.0
2330320,185000.0
2330322,134000.0
2330324,237500.0
2330327,235000.0
2330329,190000.0
2330332,499500.0
2330337,425000.0
2330342,78500.0
2330346,98000.0
2330347,56000.0
2330348,87000.0
2330349,243500.0
2330350,477500.0
2330351,195000.0
2330361,143500.0
2330363,371000.0
2330364,71500.0
2330373,90500.0
2330374,250000.0
2330381,100000.0
2330398,287500.0
2330402,137000.0
2330403,57500.0
2330404,94000.0
2330409,111500.0
2330410,119000.0
2330412,352500.0
2330424,1375000.0
2330427,139900.0
2330428,282000.0
2330429,165000.0
2330431,137000.0
2330433,227500.0
2330439,76025.0
2330448,382500.0
2330535,108225.38
2330536,117500.0
2330537,202450.0
2330545,135100.0
2330621,118000.0
2330683,97365.5
2330685,172500.0
2330687,1490000.0
2330688,262500.0
2330689,262500.0
2330690,262500.0
2330691,262500.0
2330692,262500.0
2330693,97500.0
2330694,97500.0
2330695,262500.0
2330696,97500.0
2330697,97500.0
2330701,272000.0
2330702,234000.0
2330703,262500.0
2330704,262500.0
2330705,262500.0
2330706,262500.0
2330707,399000.0
2330708,1490000.0
2330709,562500.0
2330710,1490000.0
2330712,189000.0
2330713,122000.0
2330720,915000.0
2330721,894500.0
2330723,93000.0
2330724,189000.0
2330726,152000.0
2330728,146500.0
2330729,197500.0
2330730,112400.0
2330731,189000.0
2330734,149400.0
2330757,158500.0
2330758,123500.0
2330759,123500.0
2330760,72551.445
2330761,301000.0
2330765,185000.0
2330766,102500.0
2330775,95000.0
2330776,96682.0
2330777,96682.0
2330778,132000.0
2330779,139000.0
2330781,319000.0
2330782,319000.0
2330783,319000.0
2330784,319000.0
2330785,319000.0
2330786,275677.455
2330787,319000.0
2330788,319000.0
2330792,83500.0
2330797,72500.0
2330798,98750.0
2330802,145000.0
2330806,202500.0
2330807,202500.0
2330814,83900.0
2330819,249000.0
2330826,163500.0
2330831,250000.0
2330836,430000.0
2330838,420000.0
2330840,374500.0
2330850,270000.0
2330853,222500.0
2330854,395000.0
2330858,128500.0
2330859,75000.0
2330860,133000.0
2330862,217500.0
2330863,395000.0
2330864,443412.5
2330865,335000.0
2330869,141000.0
2330876,218500.0
2330878,900000.0
2330890,284500.0
2330895,214000.0
2330897,136500.0
2330898,91000.0
2330902,89500.0
2330903,78000.0
2330907,59000.0
2330908,155000.0
2330912,86950.0
2330916,59900.0
2330918,96500.0
2330921,127500.0
2330926,178500.0
2330930,92000.0
2330938,83900.0
2330939,247500.0
2330940,247500.0
2330942,81000.0
2330943,83900.0
2330948,354086.5
2330956,1195000.0
2330960,1500000.0
2330969,94500.0
2330971,722500.0
2330973,249841.0
2330974,174700.0
2330981,335192.5
2330983,295000.0
2330986,84500.0
2330988,455000.0
2330989,107500.0
2330995,136000.0
2330997,165000.0
2330998,251000.0
2330999,131024.005
2331005,280000.0
2331007,202500.0
2331008,231500.0
2331009,247500.0
2331010,455000.0
2331014,222500.0
2331019,892450.0
2331020,128500.0
2331021,1250000.0
2331022,265000.0
2331023,280000.0
2331027,105250.0
2331029,201500.0
2331051,67000.0
2331052,157385.5
2331053,309000.0
2331054,200000.0
2331056,540000.0
2331066,78500.0
2331067,184500.0
2331068,77000.0
2331069,48511.3
2331070,160000.0
2331072,104000.0
2331076,265000.0
2331080,72340.0
2331081,127000.0
2331082,192500.0
2331083,527500.0
2331085,252500.0
2331086,184000.0
2331088,83500.0
2331091,120000.0
2331092,132000.0
2331093,95000.0
2331094,290000.0
2331095,262500.0
2331096,76107.5
2331097,172500.0
2331101,117835.0
2331103,92784.0
2331104,92784.0
2331107,59583.79
2331111,68500.0
2331113,47500.0
2331114,69000.0
2331115,785000.0
2331119,227500.0
2331120,77000.0
2331121,127000.0
2331123,88500.0
2331125,108000.0
2331127,76500.0
2331128,163849.73
2331129,285000.0
2331130,163849.73
2331131,163849.73
2331132,163849.73
2331133,285000.0
2331134,163849.73
2331135,285000.0
2331136,285000.0
2331137,285000.0
2331138,285000.0
2331139,285000.0
2331140,285000.0
2331141,285000.0
2331142,139500.0
2331143,76000.0
2331144,93500.0
2331145,78750.0
2331151,527500.0
2331152,412500.0
2331154,1187500.0
2331155,115000.0
2331156,331500.0
2331157,331500.0
2331158,182500.0
2331163,165000.0
2331164,527500.0
2331165,131000.0
2331173,190000.0
2331174,527500.0
2331181,119750.0
2331192,204000.0
2331194,435000.0
2331197,142316.22
2331200,231143.5
2331203,157500.0
2331204,453000.0
2331207,149000.0
2331211,152500.0
2331212,337500.0
2331223,297450.0
2331233,97500.0
2331235,82000.0
2331236,97500.0
2331237,112000.0
2331252,105500.0
2331253,114000.0
2331254,105500.0
2331259,77500.0
2331260,212532.0
2331261,168950.0
2331268,155000.0
2331272,304500.0
2331274,120000.0
2331276,250000.0
2331282,74500.0
2331287,104850.0
2331290,155000.0
2331295,182500.0
2331300,96500.0
2331303,190000.0
2331310,149000.0
2331313,202250.0
2331323,127500.0
2331326,88750.0
2331327,115000.0
2331336,90500.0
2331337,99750.0
2331338,83300.0
2331364,107500.0
2331377,96250.0
2331386,81500.0
2331392,99750.0
2331401,440000.0
2331403,140000.0
2331406,220000.0
2331413,805000.0
2331414,102500.0
2331415,570000.0
2331416,139500.0
2331419,110000.0
2331421,485000.0
2331457,99500.0
2331468,147500.0
2331491,300000.0
2331493,445000.0
2331496,49000.0
2331498,252750.0
2331501,325000.0
2331503,145000.0
2331505,135000.0
2331513,110000.0
2331517,95000.0
2331536,324750.0
2331540,201500.0
2331544,347500.0
2331549,73500.0
2331553,141000.0
2331557,296750.0
2331561,70000.0
2331599,82450.0
2331603,107500.0
2331616,125000.0
2331626,663000.0
2331629,519500.0
2331638,137000.0
2331640,59544.565
2331644,217500.0
2331648,228000.0
2331650,580000.0
2331654,295000.0
2331656,112500.0
2331667,244000.0
2331670,50000.0
2331677,188500.0
2331679,106500.0
2331680,126450.0
2331683,160000.0
2331684,173500.0
2331685,229000.0
2331687,160000.0
2331688,160000.0
2331690,205000.0
2331691,136500.0
2331692,230000.0
2331695,99500.0
2331716,168397.26
2331727,90500.0
2331728,101500.0
2331729,90500.0
2331747,670000.0
2331749,154350.0
2331764,357000.0
2331768,73000.0
2331772,127500.0
2331774,445000.0
2331783,228000.0
2331802,105000.0
2331815,240000.0
2331816,157500.0
2331820,169900.0
2331835,280000.0
2331845,99650.0
2331877,210000.0
2331883,237400.0
2331891,125000.0
2331893,133000.0
2331896,447500.0
2331897,137500.0
2331901,119000.0
2331903,430000.0
2331904,125000.0
2331915,492500.0
2331922,305000.0
2331925,93191.74
2331973,340000.0
2331979,84500.0
2331982,1025000.0
2331986,66000.0
2331988,285000.0
2331992,84500.0
2332011,192500.0
2332020,255000.0
2332039,190000.0
2332050,220000.0
2332057,75500.0
2332061,82750.0
2332065,99950.0
2332072,269000.0
2332079,139000.0
2332084,531526.015
2332087,232000.0
2332099,245000.0
2332101,223000.0
2332104,155000.0
2332105,160000.0
2332108,420000.0
2332119,173500.0
2332122,229000.0
2332123,355000.0
2332124,82450.0
2332139,160000.0
2332151,147500.0
2332153,173500.0
2332156,262450.0
2332181,557500.0
2332184,108500.0
2332186,116500.0
2332195,195000.0
2332221,185500.0
2332237,435000.0
2332241,85000.0
2332242,154500.0
2332243,360000.0
2332244,375000.0
2332257,101267.86
2332259,139666.5
2332260,212532.0
2332261,95000.0
2332287,197500.0
2332294,85643.775
2332295,359000.0
2332297,145000.0
2332302,66250.0
2332306,65000.0
2332324,92000.0
2332325,175000.0
2332327,131000.0
2332330,94000.0
2332334,215000.0
2332335,512500.0
2332336,240943.5
2332337,97000.0
2332338,383419.2
2168243,315000.0
2168308,162500.0
2168328,82450.0
2168358,109000.0
2168392,193500.0
2168405,68500.0
2168424,385000.0
2168433,67000.0
2168434,163500.0
2169649,183000.0
2172524,152450.0
2172528,217500.0
2172538,259500.0
2172913,108950.0
2173221,83900.0
2173222,146090.945
2173223,95000.0
2173224,231500.0
2173225,83900.0
2173226,68000.0
2173227,202500.0
2173442,165500.0
2174454,204000.0
2174455,260000.0
2174534,108100.0
2174535,66753.0
2174541,150000.0
2174570,307500.0
2174573,1154405.0
2174574,216000.0
2174867,544000.0
2174868,112500.0
2174870,335000.0
2175053,118250.0
2175438,90180.48
2175509,267000.0
2175711,91493.51
2175843,388325.0
2175846,935000.0
2175848,138000.0
2175849,138000.0
2175850,138000.0
2175851,249500.0
2175852,290000.0
2175853,207000.0
2175854,276000.0
2175855,61962.435
2175856,129000.0
2175857,249629.89
2175858,75000.0
2175859,75000.0
2175860,169000.0
2175861,85800.0
2175862,214500.0
2175863,465000.0
2176772,590000.0
2176822,457500.0
2176841,624000.0
2176950,135000.0
2176968,154400.215
2177067,79500.0
2177343,182500.0
2177422,59000.0
2177533,90000.0
2177534,90000.0
2177579,317500.0
2177767,103400.0
2177768,107500.0
2177769,107500.0
2177770,107500.0
2177771,107500.0
2177772,107500.0
2177773,107500.0
2177774,107500.0
2177775,103400.0
2177776,103700.0
2177955,114000.0
2178001,320000.0
2178121,165000.0
2178131,172500.0
2178154,134500.0
2178186,315000.0
2178502,72500.0
2178513,71000.0
2178556,124000.0
2178606,252500.0
2178613,76500.0
2178614,76500.0
2178651,82000.0
2178664,186000.0
2178682,188500.0
2178683,105000.0
2178684,219950.0
2178685,350000.0
2178686,105000.0
2178687,219950.0
2178688,350000.0
2178689,105000.0
2178690,105000.0
2178691,219950.0
2178692,86500.0
2178693,350000.0
2178694,105000.0
2178695,219950.0
2178696,86500.0
2178697,350000.0
2178698,140592.29
2178699,105000.0
2178700,219950.0
2178701,86500.0
2178747,94000.0
2178846,398000.0
2178970,78500.0
2179220,68000.0
2179221,83900.0
2179228,83900.0
2179229,68000.0
2179230,68000.0
2179232,199000.0
2179233,68000.0
2179235,120000.0
2179236,455000.0
2179238,75000.0
2179239,75000.0
2179242,455000.0
2179246,136000.0
2179328,62250.0
2179528,127450.0
2179529,162931.5
2179530,96736.4
2179531,295000.0
2179532,205535.0
2179534,242000.0
2179570,124500.0
2179616,84000.0
2179620,247950.0
2179622,109500.0
2179658,98500.0
2179871,115000.0
2181078,76335.545
2181097,80568.0
2181114,142500.0
2181153,162450.0
2181158,109500.0
2181240,117000.0
2181308,90500.0
2181347,129250.0
2181414,840000.0
2181481,151500.0
2181487,148500.0
2181498,88500.0
2181512,85643.775
2181542,177500.0
2181548,172000.0
2181551,94250.0
2181567,225000.0
2181876,162000.0
2182634,96500.0
2182635,96500.0
2182752,1195000.0
2183008,317500.0
2183009,317500.0
2183176,425000.0
2183177,141500.0
2183187,447499.5
2183193,107500.0
2183194,202500.0
2183196,231500.0
2183197,95000.0
2183198,107500.0
2183199,146090.945
2183200,202500.0
2183201,95000.0
2183202,231500.0
2183206,231500.0
2183207,920000.0
2183212,129500.0
2183214,109000.0
2183215,120000.0
2183217,480000.0
2183221,221750.0
2183222,84500.0
2183223,107500.0
2183224,83900.0
2183225,107500.0
2183226,68000.0
2183227,83900.0
2183228,202500.0
2183229,231500.0
2183230,95000.0
2183231,231500.0
2183233,231500.0
2183238,231500.0
2183245,584500.0
2183249,75000.0
2183255,297500.0
2183259,68000.0
2183260,231500.0
2183262,231500.0
2183265,68000.0
2183268,82500.0
2183269,83900.0
2183271,83900.0
2183273,68000.0
2183274,231500.0
2183275,455000.0
2183279,455000.0
2183287,150000.0
2183338,96500.0
2183448,96500.0
2183481,96500.0
2183535,210000.0
2183563,73500.0
2183564,124000.0
2183588,660000.0
2183589,457500.0
2183676,66753.0
2183677,118255.5
2183678,78000.0
2183683,840000.0
2183758,80250.0
2183904,99000.0
2183927,108250.0
2183934,187000.0
2184119,192500.0
2184121,200000.0
2184122,202000.0
2184124,290000.0
2184125,425000.0
2184126,217500.0
2184127,355000.0
2184128,142000.0
2184133,79750.0
2184140,217500.0
2184147,217500.0
2184148,39415.43
2184149,112500.0
2184150,112500.0
2187841,113500.0
2187866,85600.0
2187933,807062.5
2188043,162950.0
2188044,162950.0
2188048,635250.0
2188049,635250.0
2188110,290000.0
2188123,355000.0
2188128,192000.0
2188129,81500.0
2188130,146090.945
2188135,335000.0
2188137,117500.0
2188138,275000.0
2188145,146090.945
2188251,570000.0
2188431,104500.0
2188462,101691.0
2188463,139500.0
2188484,112500.0
2188514,214000.0
2188518,68500.0
2188632,118000.0
2188644,116950.0
2188653,60000.0
2188679,112500.0
2188777,104000.0
2188803,345000.0
2188846,322500.0
2188848,120059.24
2188895,163000.0
2188929,252500.0
2188933,101000.0
2188936,122500.0
2195691,85000.0
2195697,105000.0
2195922,87750.0
2195930,114750.0
2196054,77000.0
2197368,135000.0
2197396,337500.0
2197411,337500.0
2197424,322500.0
2197425,342500.0
2197426,108750.0
2197427,114950.0
2197535,284500.0
2197545,89380.0
2197546,260000.0
2197551,275000.0
2197552,275000.0
2197570,260000.0
2197571,232500.0
2197572,337500.0
2197574,375000.0
2197575,409500.0
2197580,49000.0
2197592,139000.0
2197594,250000.0
2197617,76500.0
2197646,113050.0
2197648,267500.0
2197728,173500.0
2197729,173500.0
2197994,127500.0
2197995,122500.0
2197997,257500.0
2197998,117500.0
2198000,257500.0
2198002,105500.0
2198003,102500.0
2198005,98950.0
2198006,98950.0
2198007,148050.0
2198008,73500.0
2198010,73500.0
2198011,73500.0
2198012,73500.0
2198013,66000.0
2198015,74000.0
2198040,99000.0
2202314,444000.0
2202315,99000.0
2202316,107500.0
2202319,132000.0
2202375,260000.0
2202384,124500.0
2202385,124500.0
2202410,446312.5
2205333,138500.0
2205334,135000.0
2205336,69000.0
2205439,94000.0
2205441,79000.0
2205613,76000.0
2205770,99950.0
2206505,1325000.0
2206522,137500.0
2206536,97500.0
2206540,49000.0
2206550,77017.5
2206553,202500.0
2206554,202500.0
2206556,169500.0
2206557,83900.0
2206558,169500.0
2206559,202500.0
2206560,202500.0
2206561,83900.0
2206567,292500.0
2206572,570000.0
2206573,302500.0
2206574,570000.0
2206575,147500.0
2206615,300000.0
2206685,102500.0
2207357,85000.0
2207484,312500.0
2207486,77500.0
2207534,48000.0
2207536,100000.0
2207556,117250.0
2207565,206500.0
2207585,140000.0
2207699,115000.0
2207838,230000.0
2208004,174500.0
2208073,185000.0
2208102,267500.0
2208139,121500.0
2208140,217500.0
2208206,77250.0
2208257,269950.0
2210818,79362.5
2210980,456000.0
2210985,225000.0
2210990,214000.0
2210991,180596.5
2211087,165000.0
2211174,112500.0
2211228,84000.0
2211229,102450.0
2211251,104000.0
2211261,167500.0
2211309,79900.0
2211311,137500.0
2211313,360000.0
2211327,237000.0
2211367,96500.0
2211370,78000.0
2213748,294500.0
2213901,47500.0
2213902,105950.0
2213904,105950.0
2213908,138439.215
2213912,124450.0
2213913,1050000.0
2213915,55111.5
2213917,114413.0
2213922,164500.0
2213923,165000.0
2213930,73000.0
2213940,322500.0
2213943,117000.0
2213951,162500.0
2214585,202500.0
2214587,108952.455
2214588,108952.455
2214589,307500.0
2214592,307500.0
2214593,108952.455
2214594,307500.0
2214595,108952.455
2214596,122500.0
2214597,215000.0
2214603,240000.0
2214701,116500.0
2214773,425000.0
2214775,55691.74
2214779,227500.0
2214780,146550.0
2214787,125000.0
2214793,249500.0
2214794,290000.0
2214795,207000.0
2214796,248000.0
2214797,61962.435
2214798,129000.0
2214799,249629.89
2214800,199000.0
2214801,85800.0
2214802,214500.0
2214803,465000.0
2214808,455000.0
2214809,125000.0
2214810,249000.0
2214816,285000.0
2214818,560000.0
2214823,107500.0
2214824,84500.0
2214825,95000.0
2214828,95000.0
2214837,455000.0
2214838,125000.0
2214839,169500.0
2214840,247500.0
2214841,245000.0
2214843,245000.0
2214844,68000.0
2214845,68000.0
2214847,107500.0
2214852,82500.0
2214853,107500.0
2214858,83900.0
2214860,83900.0
2214861,107500.0
2214862,68000.0
2214864,107500.0
2214865,68000.0
2214866,202500.0
2214867,202500.0
2214868,247500.0
2214869,95000.0
2214870,245000.0
2214871,247500.0
2214872,455000.0
2214873,455000.0
2214874,1264500.0
2214877,202500.0
2214878,202500.0
2214879,635250.0
2214880,635250.0
2214881,95000.0
2214882,107500.0
2214886,78000.0
2214887,75500.0
2214892,83900.0
2214893,82500.0
2214894,455000.0
2214896,455000.0
2214897,169500.0
2214898,202500.0
2214899,202500.0
2214901,84500.0
2214902,165000.0
2214910,290000.0
2216335,113500.0
2216336,105000.0
2216337,113500.0
2216338,55000.0
2216339,105000.0
2216370,117500.0
2216459,60000.0
2216610,153750.0
2216839,142500.0
2217056,86500.0
2217072,223500.0
2217104,140000.0
2217149,269000.0
2217207,125000.0
2217209,71500.0
2217217,127000.0
2217247,232500.0
2217250,157500.0
2217253,136750.0
2217279,134000.0
2217285,460000.0
2217305,390000.0
2217306,125450.0
2217371,108500.0
2217372,108500.0
2217373,108500.0
2217374,108500.0
2217402,140000.0
2217417,1275000.0
2217418,279500.0
2217419,669500.0
2217423,380000.0
2217427,149500.0
2217439,141000.0
2217517,370000.0
2217630,119500.0
2217725,650000.0
2217798,123500.0
2217879,173500.0
2217880,131500.0
2217881,262500.0
2217882,131500.0
2217883,262500.0
2217886,414500.0
2217887,420000.0
2217897,66500.0
2217902,98750.0
2217906,220000.0
2217907,290000.0
2217908,207000.0
2217909,276000.0
2217910,61962.435
2217911,129000.0
2217912,249629.89
2217913,169000.0
2217914,85800.0
2217915,214500.0
2217916,465000.0
2217917,290000.0
2217925,83750.0
2218284,163500.0
2218285,277500.0
2218286,89450.0
2218287,298900.0
2218288,224500.0
2218289,224500.0
2218307,230000.0
2218309,90843.5
2218316,370000.0
2218317,181000.0
2218322,149500.0
2218430,94500.0
2218433,89000.0
2218471,260000.0
2218478,150000.0
2218484,340000.0
2218485,115000.0
2218488,77966.76
2218504,219950.0
2218521,241361.5
2218561,219750.0
2218562,144000.0
2218563,219750.0
2218564,151000.0
2218566,182500.0
2218571,440000.0
2218576,120287.5
2218607,190000.0
2218612,270000.0
2218617,294900.0
2218626,87750.0
2218627,87240.0
2218628,142000.0
2218630,149500.0
2218632,76500.0
2218724,130212.5
2218759,78750.0
2218766,317500.0
2219032,515000.0
2219040,630000.0
2219042,1450000.0
2219043,1140000.0
2219058,382750.0
2219064,86500.0
2219066,724500.0
2219067,235450.0
2219076,78500.0
2219091,640000.0
2219092,640000.0
2219095,2100000.0
2219334,133000.0
2219342,166500.0
2219427,92000.0
2219428,159200.0
2219429,92000.0
2219433,81500.0
2219436,193500.0
2219553,352500.0
2219554,329500.0
2219555,377500.0
2219871,219000.0
2219967,96678.0
2219968,165000.0
2219969,359999.5
2219970,145000.0
2219971,145000.0
2219972,145000.0
2219973,122500.0
2219974,122500.0
2219975,463350.0
2219976,248911.0
2219977,248911.0
2219978,248911.0
2219979,380250.0
2219980,380250.0
2219981,165000.0
2219982,380250.0
2220020,72500.0
2220022,106500.0
2220023,70000.0
2220033,128721.0
2220038,128721.0
2220040,128721.0
2220060,113500.0
2220106,205000.0
2220111,246500.0
2220112,132500.0
2220113,267500.0
2220128,92000.0
2220149,115406.0
2220194,92000.0
2220237,354000.0
2220325,61750.0
2220335,465000.0
2220336,153750.0
2220337,479000.0
2220476,1264500.0
2220483,120000.0
2220485,76000.0
2220497,340000.0
2220511,128500.0
2220521,209000.0
2220533,212500.0
2220563,997506.5
2220567,98000.0
2220702,141000.0
2220725,119175.0
2220727,215000.0
2220728,122450.0
2220741,185850.0
2220742,113000.0
2220743,140000.0
2220744,329500.0
2220747,95000.0
2220748,917500.0
2220759,84500.0
2220760,125000.0
2220762,107500.0
2220763,96000.0
2220769,98750.0
2220781,805000.0
2220836,200000.0
2220991,315000.0
2221011,101500.0
2221514,121000.0
2221517,126000.0
2221577,222182.155
2221678,337500.0
2221696,174000.0
2221701,101400.0
2221731,85500.0
2221758,245000.0
2221760,77966.76
2221762,590000.0
2221773,59500.0
2221776,252500.0
2221777,132000.0
2221792,258192.0
2221794,125500.0
2221795,125500.0
2221796,125500.0
2221799,152500.0
2221800,260000.0
2221801,260000.0
2221818,235000.0
2221820,327500.0
2221832,99750.0
2221845,765000.0
2221846,107500.0
2221848,245950.0
2221852,310000.0
2221853,217500.0
2221876,174000.0
2221885,235000.0
2221886,790000.0
2221888,354500.0
2221900,122500.0
2221902,104000.0
2221903,451447.5
2221913,232500.0
2221916,380000.0
2221918,167100.0
2221920,184500.0
2221926,184500.0
2221932,155500.0
2221933,115000.0
2221937,145500.0
2221963,170000.0
2221966,145500.0
2221969,277500.0
2221975,219950.0
2221976,177500.0
2222075,1270000.0
2222101,230000.0
2222106,420000.0
2222107,89000.0
2222112,257500.0
2222113,94500.0
2222114,235000.0
2222122,155000.0
2222128,126500.0
2222144,265000.0
2222199,247000.0
2222216,193500.0
2222224,72500.0
2222225,162209.0
2222233,1000000.0
2222249,106550.0
2222251,112000.0
2222252,170000.0
2222255,145000.0
2222263,316500.0
2222272,217500.0
2222275,293500.0
2222511,389000.0
2222556,117000.0
2222565,95000.0
2222566,158000.0
2222567,115000.0
2222628,600000.0
2222649,166500.0
2223356,125500.0
2223358,125450.0
2223460,66500.0
2223598,110150.0
2223599,209661.875
2223611,377500.0
2223632,96500.0
2223634,87250.0
2223636,89015.0
2223637,89450.0
2223811,122500.0
2223813,345000.0
2223814,345000.0
2223819,67500.0
2223820,169000.0
2223822,132500.0
2223827,225000.0
2223829,132500.0
2223834,127000.0
2223835,127000.0
2223836,127000.0
2223837,80000.0
2223908,122500.0
2223997,115000.0
2224051,68000.0
2224052,207500.0
2224063,265000.0
2224066,224500.0
2224070,535000.0
2224073,265000.0
2224074,231500.0
2224076,169500.0
2224077,83900.0
2224081,82750.0
2224082,455000.0
2224083,202500.0
2224084,95000.0
2224085,83900.0
2224086,202500.0
2224089,455000.0
2224090,455000.0
2224091,202500.0
2224092,247500.0
2224093,125000.0
2224094,169500.0
2224095,169500.0
2224100,95000.0
2224101,231500.0
2224115,107500.0
2224117,84500.0
2224118,470000.0
2224124,470000.0
2224126,207000.0
2224127,276000.0
2224128,61962.435
2224129,249629.89
2224130,169000.0
2224131,85800.0
2224132,214500.0
2224133,465000.0
2224134,290000.0
2224135,177000.0
2224208,122350.0
2224224,94900.0
2224351,245318.17
2224352,155489.0
2224353,111174.945
2224359,87450.0
2224379,164750.0
2224385,307500.0
2224407,180000.0
2224412,86750.0
2224438,64950.0
2224442,241500.0
2224443,319000.0
2224444,93000.0
2224456,94000.0
2224462,305000.0
2224476,124500.0
2224486,100750.0
2224491,215000.0
2224494,140000.0
2224497,373500.0
2224498,565000.0
2224509,99000.0
2224544,157500.0
2224545,435000.0
2224547,152500.0
2224637,302000.0
2224638,140592.29
2224644,78500.0
2224651,107000.0
2224672,163709.57
2224693,390000.0
2224695,294500.0
2225098,184600.0
2225103,152500.0
2225105,220000.0
2225106,232500.0
2225110,615000.0
2225111,615000.0
2225115,235000.0
2225130,615000.0
2225133,135000.0
2225134,135000.0
2225135,615000.0
2225136,615000.0
2225138,200000.0
2225144,174500.0
2225151,132500.0
2225153,87500.0
2225155,100750.0
2225163,102500.0
2225171,92500.0
2225174,166500.0
2225196,148346.34
2225197,65000.0
2225198,229000.0
2225200,85000.0
2225207,131500.0
2225217,178000.0
2225218,122500.0
2225220,330000.0
2225222,215000.0
2225224,66500.0
2225230,171500.0
2225231,214500.0
2225234,370000.0
2225235,1469500.0
2225236,1469500.0
2225237,153750.0
2225238,153750.0
2225239,153750.0
2225240,153750.0
2225241,153750.0
2225249,220000.0
2225257,220000.0
2225261,204500.0
2225266,200000.0
2225267,370000.0
2225268,370000.0
2225272,297000.0
2225281,217500.0
2225286,1264500.0
2225289,416000.0
2225290,1440000.0
2225293,111500.0
2225294,160000.0
2225301,357500.0
2225308,214950.0
2225309,138500.0
2225311,765000.0
2225316,260000.0
2225318,242950.0
2225320,155000.0
2225321,147500.0
2225322,147500.0
2225323,147500.0
2225327,202500.0
2225328,161500.0
2225334,75750.0
2225337,185000.0
2225341,160000.0
2225342,167500.0
2225351,297000.0
2225355,153750.0
2225376,247000.0
2225378,214950.0
2225390,251000.0
2225394,207500.0
2225396,181250.0
2225404,91500.0
2225406,80000.0
2225407,80000.0
2225408,435000.0
2225411,120223.695
2225414,347500.0
2225416,171000.0
2225418,222500.0
2225422,285000.0
2225425,169000.0
2225426,153750.0
2225428,237500.0
2225429,214950.0
2225430,207000.0
2225431,500000.0
2225432,247000.0
2225433,207000.0
2225436,207500.0
2225439,52000.0
2225451,78000.0
2225453,374500.0
2225454,207000.0
2225457,247000.0
2225458,247000.0
2225459,279000.0
2225460,170000.0
2225462,97500.0
2225463,247000.0
2225464,247000.0
2225465,247000.0
2225466,153750.0
2225469,171000.0
2225470,171000.0
2225471,171000.0
2225472,171000.0
2225473,171000.0
2225474,297000.0
2225475,297000.0
2225480,80000.0
2225481,207000.0
2225587,140000.0
2225663,650000.0
2225857,82500.0
2225859,74400.765
2225861,500000.0
2225862,90000.0
2225863,262500.0
2225869,160000.0
2225871,104000.0
2225873,80000.0
2225874,149500.0
2225875,182500.0
2225879,82500.0
2225880,68000.0
2225881,68000.0
2225882,95000.0
2225883,125000.0
2225884,202500.0
2225885,249000.0
2225886,83900.0
2225888,455000.0
2225889,68000.0
2225893,231500.0
2225894,247500.0
2225895,95000.0
2225896,249000.0
2225899,470000.0
2225902,247500.0
2225903,470000.0
2225905,231500.0
2225906,68000.0
2225907,202500.0
2225908,202500.0
2225909,455000.0
2225910,107500.0
2225911,83900.0
2225924,125000.0
2225925,169500.0
2225926,68000.0
2225927,68000.0
2225929,84500.0
2225930,83900.0
2225931,138500.0
2225932,138500.0
2225935,165000.0
2225940,83900.0
2225941,68000.0
2225942,68000.0
2225943,202500.0
2225945,455000.0
2225946,455000.0
2225947,83900.0
2225948,247500.0
2225949,202500.0
2225950,107500.0
2225952,95000.0
2225953,169500.0
2225954,83900.0
2225956,202500.0
2225957,82500.0
2225961,68000.0
2225963,255000.0
2225976,247000.0
2225977,247000.0
2225978,247000.0
2225979,247000.0
2225981,270000.0
2225983,99000.0
2225990,169000.0
2225995,72500.0
2225996,106450.0
2225998,162250.0
2225999,164000.0
2226007,169000.0
2226013,130500.0
2226015,137500.0
2226017,247000.0
2226018,247000.0
2226020,247000.0
2226021,60000.0
2226030,87500.0
2226031,255000.0
2226049,385000.0
2226051,260000.0
2226055,138500.0
2226057,490000.0
2226060,247000.0
2226061,247000.0
2226076,138500.0
2226083,159000.0
2226088,315000.0
2226090,247000.0
2226091,247000.0
2226092,247000.0
2226093,247000.0
2226096,222500.0
2226107,174000.0
2226110,260000.0
2226111,169000.0
2226114,73500.0
2226144,115500.0
2226195,235000.0
2226251,237500.0
2226264,73650.0
2226277,163500.0
2226280,315000.0
2226285,68500.0
2226286,285000.0
2226289,125500.0
2226293,624000.0
2226496,86500.0
2226588,215000.0
2226590,146500.0
2226591,207500.0
2226595,335000.0
2226597,136000.0
2226600,121171.65
2226601,177500.0
2226614,176500.0
2226615,176500.0
2226626,117500.0
2226633,630000.0
2226642,216000.0
2226661,390000.0
2226687,116677.5
2226720,79000.0
2226723,179000.0
2226724,585000.0
2226725,585000.0
2226729,390000.0
2226737,143500.0
2226784,130000.0
2226794,315000.0
2226874,88000.0
2226877,477500.0
2226884,245646.625
2226944,410000.0
2227002,560000.0
2227036,335000.0
2227059,237500.0
2227074,60000.0
2227081,280000.0
2227284,163709.57
2227291,365000.0
2227293,398000.0
2227294,565000.0
2227311,105000.0
2227312,188500.0
2227419,182500.0
2227422,415000.0
2227426,60000.0
2227428,47500.0
2227430,47500.0
2227432,390000.0
2227477,450000.0
2227484,249000.0
2227485,169500.0
2227487,84500.0
2227489,102500.0
2227527,109000.0
2227540,214000.0
2227638,150000.0
2227640,317500.0
2227643,134500.0
2227645,152500.0
2227672,1250000.0
2227676,184500.0
2227679,210000.0
2227683,722500.0
2227684,210000.0
2227689,130500.0
2227706,205000.0
2227721,185000.0
2227726,95000.0
2227740,580000.0
2227741,90000.0
2227762,44000.0
2227774,92500.0
2227776,195000.0
2227784,317500.0
2227785,624000.0
2227841,127000.0
2227874,240000.0
2227916,179500.0
2227923,165000.0
2227924,308500.0
2227932,153750.0
2227951,92784.0
2227955,139000.0
2227964,50500.0
2227972,245000.0
2227974,112450.0
2227979,194000.0
2227982,259000.0
2228003,595000.0
2228006,1469500.0
2228018,595000.0
2228020,66500.0
2228021,247500.0
2228022,344000.0
2228023,157677.5
2228026,274600.0
2228027,147592.29
2228028,242500.0
2228059,434500.0
2228063,120000.0
2228073,365000.0
2228087,135000.0
2228091,155500.0
2228103,290000.0
2228119,350000.0
2228120,185000.0
2228343,63000.0
2228370,75000.0
2228421,102779.0
2228422,120767.005
2228428,380000.0
2228431,600000.0
2228432,104000.0
2228437,161330.0
2228441,182500.0
2228443,147150.5
2228444,92750.0
2228452,228500.0
2228656,1025000.0
2228658,762500.0
2228659,1025000.0
2228676,527500.0
2228720,73500.0
2228733,487500.0
2228740,220000.0
2228772,230000.0
2228791,61500.0
2228793,231500.0
2228798,202500.0
2228800,83900.0
2228802,455000.0
2228804,455000.0
2228805,231500.0
2228807,83900.0
2228808,247500.0
2228809,231500.0
2228810,68000.0
2228811,68000.0
2228813,68000.0
2228867,510000.0
2228871,157500.0
2229136,68500.0
2229142,89000.0
2229163,85500.0
2229223,155000.0
2229374,78500.0
2229375,95450.0
2229376,78500.0
2229377,70000.0
2229378,51450.0
2229379,51450.0
2229380,110000.0
2229381,110000.0
2229382,162783.52
2229445,165000.0
2229481,139000.0
2229482,237500.0
2229483,139000.0
2229484,131100.0
2229485,237500.0
2229490,390000.0
2229648,82750.0
2229658,379000.0
2229663,95000.0
2229664,98508.275
2229683,129900.0
2229686,78249.005
2229695,85000.0
2229698,113575.0
2229702,335000.0
2229719,96500.0
2229723,500000.0
2229736,202500.0
2230028,217500.0
2230109,127000.0
2230183,250000.0
2230192,370000.0
2230193,190000.0
2230194,365000.0
2230198,227500.0
2230199,227500.0
2230200,181000.0
2230201,181000.0
2230202,181000.0
2230203,181000.0
2230205,335000.0
2230207,647500.0
2230209,167500.0
2230211,563000.0
2230213,180000.0
2230219,91500.0
2230283,212500.0
2230357,347500.0
2230400,136500.0
2230615,137000.0
2230618,179000.0
2230623,212000.0
2230627,105000.0
2230631,89950.0
2230634,171000.0
2230635,72500.0
2230641,219500.0
2230642,290000.0
2230651,125000.0
2230652,95000.0
2230654,219500.0
2230655,290000.0
2230656,207000.0
2230657,276000.0
2230658,61962.435
2230659,249629.89
2230660,169000.0
2230661,126112.0
2230662,214500.0
2230663,465000.0
2230664,290000.0
2230665,290000.0
2230666,110000.0
2230668,169500.0
2230669,202500.0
2230674,95000.0
2230675,95000.0
2230692,224500.0
2230700,220000.0
2230788,108000.0
2230945,369000.0
2230948,479000.0
2230953,565000.0
2230992,86950.0
2231412,278533.5
2231413,227500.0
2231422,187500.0
2231423,80000.0
2231424,212500.0
2231434,82000.0
2231437,1010000.0
2231438,172500.0
2231440,66750.0
2231442,109000.0
2231444,814000.0
2231447,100070.0
2231458,99500.0
2231464,434500.0
2231471,260000.0
2231481,154500.0
2231485,249000.0
2231486,290000.0
2231489,138000.0
2231490,68271.63
2231584,431500.0
2231611,224500.0
2231721,820000.0
2231819,148500.0
2231925,195000.0
2231928,91000.0
2231935,510000.0
2231936,137950.0
2231937,153500.0
2231938,60000.0
2231940,60000.0
2231944,59500.0
2231949,364950.0
2231952,98500.0
2231953,98500.0
2231954,475000.0
2231955,277500.0
2231959,89750.0
2231964,87500.0
2231971,220000.0
2231976,138076.405
2231977,138076.405
2231978,119000.0
2231980,423350.0
2231987,91500.0
2231988,219500.0
2231989,290000.0
2231990,207000.0
2231991,276000.0
2231992,61962.435
2231993,249629.89
2231994,169000.0
2231996,85800.0
2231997,214500.0
2231998,465000.0
2231999,290000.0
2232000,290000.0
2232001,110000.0
2232011,196000.0
2232024,241000.0
2232027,429000.0
2232056,170000.0
2232092,396500.0
2232120,135000.0
2232136,77000.0
2232149,105000.0
2232172,88500.0
2232175,245750.0
2232178,122500.0
2232183,76000.0
2232187,86500.0
2232188,179500.0
2232192,1130000.0
2232194,705000.0
2232195,61500.0
2232227,230000.0
2232233,300000.0
2232235,131500.0
2232236,307500.0
2232251,96000.0
2232257,207319.0
2232271,102000.0
2232279,60000.0
2232280,186000.0
2232292,170000.0
2232302,69600.0
2232303,124500.0
2232304,214000.0
2232307,75000.0
2232308,339500.0
2232309,77250.0
2232314,172500.0
2232346,453000.0
2232350,132500.0
2232359,135000.0
2232361,98250.0
2232378,103000.0
2232379,103000.0
2232395,117500.0
2232398,97250.0
2232460,129500.0
2232462,445000.0
2232471,185000.0
2232472,140000.0
2232480,165500.0
2232482,147500.0
2232489,90000.0
2232508,212500.0
2232520,226000.0
2232540,162000.0
2232541,102500.0
2232765,269950.0
2232926,127500.0
2232939,239000.0
2232943,150900.0
2232945,114367.5
2232965,112089.445
2232966,112089.445
2232968,148500.0
2232976,95500.0
2232977,95500.0
2232981,100500.0
2232983,93500.0
2233002,125000.0
2233016,120000.0
2233019,235000.0
2233021,151000.0
2233099,69500.0
2233100,143849.73
2233112,760000.0
2233114,300800.0
2233115,133500.0
2233116,270000.0
2233118,105000.0
2233120,72500.0
2233125,74500.0
2233127,231500.0
2233154,165000.0
2233165,335000.0
2233166,145200.0
2233173,100000.0
2233174,137500.0
2233185,115000.0
2233192,177900.0
2233204,342500.0
2233211,107500.0
2233212,56000.0
2233213,325000.0
2233216,146500.0
2233225,200000.0
2233228,171500.0
2233243,124500.0
2233245,208000.0
2233430,151450.0
2233431,151450.0
2233432,151450.0
2233433,127500.0
2233434,127500.0
2233435,127500.0
2233436,127500.0
2233437,127500.0
2233438,127500.0
2233439,127500.0
2233440,127500.0
2233441,127500.0
2233442,127500.0
2233443,127500.0
2233552,70250.0
2233555,95000.0
2233557,199250.0
2233563,169500.0
2233566,590000.0
2233568,88586.225
2233571,229000.0
2233575,75000.0
2233578,160000.0
2233584,110550.0
2233589,110000.0
2233607,130750.0
2233615,98075.0
2233616,380000.0
2233621,176833.0
2233647,259500.0
2233648,259500.0
2233649,229000.0
2233650,229000.0
2233662,120000.0
2233664,295000.0
2233665,120000.0
2233666,109250.0
2233672,425000.0
2233679,137500.0
2233680,507500.0
2233683,250000.0
2233687,178500.0
2233887,72500.0
2233959,150000.0
2233962,232500.0
2234054,575000.0
2234072,275000.0
2234076,440000.0
2234077,447499.5
2234078,220000.0
2234079,185500.0
2234080,284950.0
2234127,216000.0
2234137,332500.0
2234475,210000.0
2234478,57000.0
2234498,210000.0
2234511,159750.0
2234518,395000.0
2234519,265500.0
2234547,300000.0
2234549,109500.0
2234555,147592.29
2234556,242500.0
2234557,155500.0
2234559,274600.0
2234560,450000.0
2234571,139000.0
2234574,70750.0
2234576,143000.0
2234587,87500.0
2234596,87500.0
2234597,87500.0
2234602,132500.0
2234609,710000.0
2234614,133000.0
2234615,133000.0
2234616,452500.0
2234618,385000.0
2234622,545000.0
2234623,385000.0
2234625,237600.0
2234626,128000.0
2234627,133000.0
2234632,179500.0
2234634,179500.0
2234636,179500.0
2234637,179500.0
2234645,137500.0
2234683,105000.0
2234689,395000.0
2234732,138750.0
2234733,180000.0
2234742,81500.0
2234749,419500.0
2234759,289000.0
2234762,59000.0
2234767,118500.0
2234775,172000.0
2234779,161000.0
2234780,307500.0
2234799,128500.0
2234800,385000.0
2234808,108750.0
2234818,137000.0
2234820,264500.0
2234827,350217.5
2234834,152500.0
2234839,150500.0
2234846,280000.0
2234847,165800.0
2234853,165800.0
2234862,94500.0
2234867,165800.0
2234908,72000.0
2235079,162500.0
2235092,440000.0
2235245,147500.0
2235294,380000.0
2235305,170000.0
2235328,410250.0
2235334,84500.0
2235337,410250.0
2235344,410250.0
2235347,220000.0
2235349,207100.0
2235354,214000.0
2235366,285000.0
2235368,107500.0
2235369,83900.0
2235370,202500.0
2235371,245000.0
2235374,82500.0
2235375,100050.0
2235376,214000.0
2235377,214000.0
2235378,106000.0
2235379,100050.0
2235380,106000.0
2235381,169500.0
2235382,125000.0
2235384,68000.0
2235385,202500.0
2235387,202500.0
2235389,455000.0
2235390,455000.0
2235391,247500.0
2235392,231500.0
2235395,107500.0
2235396,231500.0
2235397,202500.0
2235398,249000.0
2235399,169500.0
2235401,68000.0
2235403,68000.0
2235405,83900.0
2235408,455000.0
2235410,95000.0
2235413,82500.0
2235416,169500.0
2235417,202500.0
2235419,107500.0
2235420,83900.0
2235421,100050.0
2235422,94500.0
2235423,214000.0
2235424,214000.0
2235425,92500.0
2235426,92500.0
2235446,410000.0
2235447,97000.0
2235457,249000.0
2235458,102500.0
2235520,87500.0
2235521,181000.0
2235543,91900.0
2235544,185000.0
2235545,232000.0
2235546,79000.0
2235547,185000.0
2235548,100500.0
2235549,89000.0
2235550,195307.5
2235551,115000.0
2235552,119000.0
2235665,176000.0
2235673,240000.0
2235700,109000.0
2235733,159000.0
2235737,232500.0
2235777,110000.0
2235797,295000.0
2235799,110000.0
2235885,251178.0
2235890,137479.5
2235912,112250.0
2235920,175000.0
2235928,134250.0
2235941,134000.0
2235942,162500.0
2235950,467500.0
2235959,70500.0
2235967,187500.0
2235969,443412.5
2235971,151450.0
2236022,290000.0
2236073,369000.0
2236075,181715.48
2236312,96000.0
2236355,295000.0
2236460,140000.0
2236465,139000.0
2236469,270000.0
2236487,445000.0
2236488,70750.0
2236492,170000.0
2236493,139500.0
2236494,265000.0
2236500,114500.0
2236504,84500.0
2236505,249000.0
2236507,101000.0
2236509,203000.0
2236514,68000.0
2236515,83900.0
2236518,455000.0
2236520,202500.0
2236521,159500.0
2236522,193500.0
2236524,106000.0
2236528,455000.0
2236529,68000.0
2236530,84500.0
2236533,219500.0
2236534,290000.0
2236535,207000.0
2236536,276000.0
2236537,61962.435
2236538,249629.89
2236539,169000.0
2236540,85800.0
2236541,214500.0
2236542,465000.0
2236543,290000.0
2236544,290000.0
2236545,110000.0
2236549,107500.0
2236550,100050.0
2236552,82500.0
2236553,202500.0
2236554,169500.0
2236556,202500.0
2236557,107500.0
2236558,83900.0
2236560,100050.0
2236563,106000.0
2236564,68000.0
2236565,202500.0
2236566,83900.0
2236567,455000.0
2236568,249000.0
2236569,84500.0
2236570,202500.0
2236571,107500.0
2236574,249000.0
2236575,455000.0
2236576,83900.0
2236577,202500.0
2236641,102500.0
2236666,48000.0
2236762,131500.0
2236763,131500.0
2236764,120500.0
2236770,174150.0
2236772,58213.57
2236800,175000.0
2236822,219950.0
2236831,114750.0
2236870,162000.0
2236871,117500.0
2236872,182500.0
2236873,117500.0
2236877,231500.0
2237052,161500.0
2237496,334500.0
2237538,173500.0
2237701,124000.0
2237704,235000.0
2237716,92500.0
2237718,1195000.0
2237773,68500.0
2238080,82000.0
2238083,107500.0
2238084,262500.0
2238112,106500.0
2238113,106500.0
2238342,91500.0
2238402,257500.0
2238403,67750.0
2238478,302500.0
2238479,179500.0
2238481,87450.0
2238482,79000.0
2238520,125000.0
2238540,79500.0
2238584,630000.0
2238588,279500.0
2238708,116000.0
2238720,98500.0
2238732,117500.0
2238733,92500.0
2238734,141621.52
2238735,141621.52
2238747,230000.0
2238748,260000.0
2238749,260000.0
2238750,108000.0
2238751,112500.0
2238771,193500.0
2238897,63400.0
2238931,167500.0
2238949,69000.0
2238965,120000.0
2238984,127000.0
2238989,95750.0
2239026,245000.0
2239027,211500.0
2239055,437500.0
2239168,229500.0
2239175,267000.0
2239179,141500.0
2239188,65000.0
2239199,125450.0
2239205,247500.0
2239232,230000.0
2239236,112000.0
2239259,98250.0
2239390,136500.0
2239410,374000.0
2239411,157500.0
2239446,57500.0
2239542,161750.0
2239549,222500.0
2239603,125500.0
2239604,201000.0
2239605,479000.0
2239670,105950.0
2239671,137500.0
2239672,137500.0
2239743,190000.0
2239744,186450.0
2239745,420000.0
2239748,116463.37
2239750,119000.0
2239754,166588.0
2239759,337500.0
2239760,83900.0
2239761,68950.0
2239762,83900.0
2239764,249000.0
2239792,687500.0
2239799,687500.0
2239800,183500.0
2239832,315000.0
2239835,470000.0
2239836,252450.0
2240016,97500.0
2240020,125500.0
2240021,365000.0
2240022,479000.0
2240023,207500.0
2240124,147500.0
2240206,185000.0
2240212,417500.0
2240215,163500.0
2240217,231500.0
2240218,92500.0
2240219,125000.0
2240221,247500.0
2240222,231500.0
2240224,231500.0
2240225,247500.0
2240226,169500.0
2240227,125000.0
2240228,169500.0
2240230,125000.0
2240232,68000.0
2240234,100050.0
2240235,100050.0
2240238,455000.0
2240239,249000.0
2240240,68000.0
2240241,247500.0
2240242,231500.0
2240243,231500.0
2240246,100050.0
2240247,502000.0
2240252,185000.0
2240255,502000.0
2240256,231500.0
2240257,502000.0
2240258,68000.0
2240259,502000.0
2240265,123500.0
2240318,165000.0
2240360,294900.0
2240382,152500.0
2240398,239950.0
2240409,481500.0
2240418,353000.0
2240422,99450.0
2240445,155500.0
2240446,102450.0
2240459,185000.0
2240486,77400.0
2240487,69000.0
2240488,165000.0
2240498,449500.0
2240503,222500.0
2240508,134500.0
2240509,443412.5
2240510,172000.0
2240522,174000.0
2240536,320000.0
2240539,136750.0
2240540,136750.0
2240542,192500.0
2240546,67250.0
2240559,77000.0
2240567,282500.0
2240568,110000.0
2240572,148000.0
2240573,460000.0
2240574,1035000.0
2240576,245000.0
2240581,300000.0
2240669,232500.0
2240777,262450.0
2240780,181715.48
2240781,367500.0
2240790,217500.0
2240876,177500.0
2240888,82500.0
2240910,123750.0
2240949,88500.0
2240950,64500.0
2240954,118500.0
2240956,142500.0
2240993,86500.0
2240994,71500.0
2241006,672500.0
2241008,265000.0
2241013,90000.0
2241038,130000.0
2241106,150000.0
2241219,124500.0
2241275,128000.0
2241294,70500.0
2241300,129798.525
2241305,50000.0
2241320,271500.0
2241321,125000.0
2241336,197400.0
2241344,87500.0
2241349,121171.65
2241351,532500.0
2241352,198253.485
2241354,875000.0
2241356,95000.0
2241358,95000.0
2241361,190000.0
2241362,106000.0
2241365,114900.0
2241368,95000.0
2241371,95000.0
2241372,106000.0
2241373,106000.0
2241376,270000.0
2241380,202500.0
2241381,202500.0
2241382,106000.0
2241383,106000.0
2241384,83900.0
2241389,249000.0
2241390,202500.0
2241394,165000.0
2241408,203000.0
2241409,182000.0
2241410,240000.0
2241411,89500.0
2241413,69950.0
2241425,184000.0
2241436,191750.0
2241868,114000.0
2241869,114000.0
2241871,805000.0
2241875,219500.0
2241876,219500.0
2241877,230000.0
2241884,327500.0
2241885,345000.0
2241888,181000.0
2241896,244600.0
2241902,87240.0
2241927,86000.0
2241935,552500.0
2241936,330000.0
2241937,208500.0
2241942,89000.0
2241945,251000.0
2241948,208500.0
2241952,116500.0
2241959,75000.0
2241964,109500.0
2241975,186000.0
2241976,159000.0
2241992,128500.0
2241998,165500.0
2242003,182000.0
2242004,53000.0
2242008,107000.0
2242009,207000.0
2242017,113050.0
2242018,169950.0
2242024,130000.0
2242027,612500.0
2242029,141500.0
2242037,274500.0
2242041,107500.0
2242047,165000.0
2242055,108000.0
2242058,560000.0
2242059,222500.0
2242061,127000.0
2242072,139000.0
2242081,1275000.0
2242087,67500.0
2242089,104000.0
2242095,89000.0
2242097,265000.0
2242101,95000.0
2242107,139500.0
2242112,141250.0
2242115,111000.0
2242123,263500.0
2242128,91000.0
2242134,227500.0
2242135,227500.0
2242148,262500.0
2242170,157500.0
2242171,172500.0
2242177,425000.0
2242178,118500.0
2242180,203000.0
2242181,124500.0
2242191,95000.0
2242203,95000.0
2242205,124500.0
2242229,137500.0
2242237,419500.0
2242242,177500.0
2242243,120500.0
2242244,220000.0
2242254,265000.0
2242255,405000.0
2242256,145853.0
2242322,316000.0
2242375,1140000.0
2242434,262500.0
2242437,262500.0
2242461,263500.0
2242462,104000.0
2242463,90000.0
2242473,86300.0
2242490,137500.0
2242498,145000.0
2242504,242500.0
2242527,98000.0
2242531,154400.215
2242532,73500.0
2242533,207500.0
2242534,128500.0
2242535,217709.57
2242578,128450.0
2242584,184000.0
2242589,151000.0
2242590,151000.0
2242591,151000.0
2242631,117000.0
2242646,350000.0
2242654,192000.0
2242658,175000.0
2242662,273500.0
2242663,315000.0
2242714,144261.0
2242939,181000.0
2242949,81500.0
2243025,265000.0
2243026,315000.0
2243029,125450.0
2243036,117500.0
2243038,63750.0
2243040,124500.0
2243053,82000.0
2243056,705000.0
2243071,91750.0
2243077,147750.0
2243079,227600.0
2243084,140750.0
2243098,129350.0
2243170,91000.0
2243192,207500.0
2243203,110000.0
2243205,257282.0
2243207,346000.0
2243227,161000.0
2243246,224000.0
2243254,830000.0
2243257,495000.0
2243270,145000.0
2243281,120000.0
2243286,190400.0
2243290,590000.0
2243292,189500.0
2243296,126500.0
2243299,205000.0
2243358,135000.0
2243361,58000.0
2243388,116500.0
2243405,157500.0
2243406,90250.0
2243408,133950.0
2243414,196708.205
2243415,152000.0
2243418,65500.0
2243460,158000.0
2243487,67000.0
2243560,84000.0
2243796,145000.0
2243879,241129.89
2243880,241129.89
2243929,87750.0
2243933,705000.0
2243942,167000.0
2243947,140000.0
2243953,316500.0
2243958,104000.0
2243961,395000.0
2243978,132500.0
2243980,269000.0
2244230,545000.0
2244357,409500.0
2244358,409500.0
2244418,241000.0
2244483,108950.0
2244726,80000.0
2244733,97500.0
2244818,1140000.0
2244821,378696.0
2244823,205000.0
2244825,90000.0
2244835,192500.0
2244836,405000.0
2244837,205000.0
2244839,337500.0
2244842,316000.0
2244844,200000.0
2244850,155000.0
2244851,155000.0
2244852,120000.0
2244856,128500.0
2244861,142678.0
2244868,100050.0
2244871,68000.0
2244872,463500.0
2244873,95000.0
2244875,219500.0
2244876,290000.0
2244877,207000.0
2244878,276000.0
2244879,61962.435
2244880,249629.89
2244881,169000.0
2244882,85800.0
2244883,214500.0
2244885,465000.0
2244887,290000.0
2244888,290000.0
2244889,106000.0
2244890,100050.0
2244891,100050.0
2244892,100050.0
2244893,125000.0
2244894,169500.0
2244895,169500.0
2244896,95000.0
2244897,100050.0
2244898,95000.0
2244899,106000.0
2244910,87500.0
2244930,59500.0
2244938,258500.0
2244942,146050.0
2244943,102540.775
2244948,110000.0
2244949,130000.0
2244950,224500.0
2244953,77500.0
2244958,87450.0
2244959,142500.0
2244960,119500.0
2244966,122250.0
2244982,179000.0
2244983,134600.0
2244984,84000.0
2244997,190000.0
2245009,98500.0
2245011,299500.0
2245023,163750.0
2245025,171500.0
2245037,181500.0
2245039,65000.0
2245041,150000.0
2245042,210000.0
2245071,104000.0
2245093,220000.0
2245123,168500.0
2245124,95500.0
2245167,157500.0
2245170,190000.0
2245172,119000.0
2245180,239500.0
2245185,154500.0
2245186,222500.0
2245187,137500.0
2245203,199000.0
2245221,212000.0
2245222,332000.0
2245228,170000.0
2245266,362000.0
2245331,177000.0
2245345,184500.0
2245921,70500.0
2245929,85000.0
2245930,85000.0
2245938,348000.0
2245978,82500.0
2246083,332500.0
2246089,47543.0
2246127,320000.0
